Network Structure:
Parameters: 9
Number of layers: 7
7 4 30 25 20 15 10 5 2 
Activation Functions:
tanh prelu relu relu relu relu softmax 
Hyperparameters:
Learning rate: 0.001
Max epochs: 20000
Current epoch: 20000
Training mode: 0
Data size: 40
Error: 3.58938e+06
Layer 1 Weights:
0.502068 0.400652 -0.447425 -0.404596 
-1.439 -0.0326344 -0.680585 -1.77384 
0.806638 0.595032 0.352837 0.581049 
-0.201587 1.37865 0.430428 0.549985 
0.817731 0.0690015 0.0280058 -0.34282 
-0.32275 -0.240716 1.19209 0.452043 
-0.315041 0.40037 -0.357752 1.63161 
-0.0749736 1.02003 0.297641 0.375701 
-1.6169 -0.257433 -0.231166 -0.904332 
0.456589 0.814299 -0.249365 1.08121 
1.39453 0.352617 -0.642231 0.215959 
-0.513677 0.329482 -0.38594 -0.535775 
-0.802881 0.563544 -0.290769 0.689452 
1.10747 -0.116223 -0.0866517 0.535617 
0.899388 0.0881586 -0.154752 0.395252 
-0.930178 0.0858956 0.521853 0.858202 
-0.0584013 -0.899697 0.556884 0.0230614 
-0.619659 0.313463 0.224255 -0.57034 
-0.0110772 -0.0375143 0.804762 -0.692381 
0.324949 -0.0499187 0.317448 0.820048 
-0.328114 -0.123755 -0.396645 0.903332 
-0.503083 -0.0187007 -0.644875 -0.845573 
1.09552 0.139849 -1.0059 0.204316 
-0.553641 1.00116 -0.769695 -0.147252 
-0.853397 0.296329 0.15733 0.664754 
-0.494019 0.643196 -0.760596 -0.690811 
0.166311 -0.300507 1.09109 1.00865 
-0.134149 -0.136643 -0.381591 -0.344077 
-1.63861 -0.409108 0.977085 -0.196784 
1.35936 0.165076 0.0690072 -0.733905 
Layer 2 Weights:
0.380237 0.164344 -0.301924 0.34233 -0.024362 0.157645 -0.133369 0.0301355 -0.123335 -0.143332 0.107858 0.159851 0.335078 0.316514 -0.241597 0.188266 0.0570128 -0.3564 0.437996 0.23561 0.219467 -0.183461 0.107849 -0.0799418 -0.388556 0.363938 -0.192116 0.29063 0.422725 -0.224514 
-0.11038 -0.138782 0.367922 -0.226426 -0.181337 -0.127818 0.3537 0.608696 -0.0621571 0.193643 -0.374066 0.290324 0.349772 -0.248356 -0.223398 0.293682 0.0463723 0.421493 -0.145902 0.436792 0.2755 0.106026 -0.460966 0.229544 0.251951 0.401522 -0.0416136 0.221312 -0.141439 -0.239747 
0.343166 0.0135248 0.0498725 0.386951 0.00416326 -0.121717 0.38478 -0.363459 -0.135834 -0.0293607 -0.296202 0.442087 -0.379773 0.105348 -0.256534 0.285388 -0.433289 -0.393386 0.296386 0.183381 0.12685 -0.307564 0.250801 -0.238641 0.0643214 0.313385 0.0408933 -0.0547903 0.365667 0.13335 
0.242793 0.212755 -0.217415 0.146326 0.10067 0.0236475 0.18035 0.317142 0.315609 0.173367 -0.211821 0.125931 -0.0172422 -0.347887 0.0640729 -0.0138838 -0.276525 0.487615 0.475321 0.244565 0.01021 0.301472 0.00482852 -0.400025 -0.153486 -0.488384 0.512264 -0.141233 0.198442 -0.268263 
0.201832 0.287976 -0.126441 0.588405 -0.154661 0.0120437 -0.119194 0.0316678 -0.0188155 0.371314 -0.234381 -0.191155 0.209932 -0.0586728 -0.403242 0.227291 -0.522106 0.273532 0.241469 0.0289573 -0.281589 -0.312159 0.0827374 0.261379 0.468776 0.222527 -0.299325 0.00465372 -0.146696 -0.196653 
-0.313284 0.138659 -0.0148536 0.438306 -0.36413 -0.166951 0.0872573 -0.0621733 0.479023 -0.309652 -0.342692 -0.162915 0.0176831 -0.0439004 -0.425564 -0.175328 0.206396 -0.229405 -0.0609559 0.280269 0.278528 -0.235478 -0.156602 0.335494 0.499013 -0.0616152 0.23326 0.308927 0.548625 -0.633776 
0.174209 -0.256812 0.184445 0.457303 -0.0637386 0.151514 0.124981 0.183128 -0.317521 0.194516 0.418854 -0.029302 -0.226207 0.0130217 0.297042 0.091832 0.312469 0.281181 -0.0060699 0.420662 -0.00875033 -0.381997 -0.0891082 -0.455629 0.408438 0.0854712 -0.205773 -0.14453 -0.133075 0.478103 
-0.496157 -0.386138 0.0134781 -0.343247 0.162813 0.0734665 -0.139024 -0.140753 0.0732566 0.260175 0.167843 -0.332892 0.256767 -0.0493373 0.377127 0.29314 -0.0880967 -0.0708376 -0.0573546 0.535053 -0.0440261 -0.513526 -0.116931 -0.312636 0.168603 -0.466593 0.452348 -0.272766 0.474929 0.0924123 
0.641826 0.0737896 -0.19352 0.377047 0.351864 -0.745713 -0.0608613 0.356508 0.482055 -0.13187 0.435691 0.29151 0.0576128 0.190203 0.398262 0.0268938 -0.498784 0.101952 -0.146171 -0.229187 0.164964 0.270889 0.0276799 0.363869 -0.337595 0.326547 -0.500343 -0.103212 -0.3532 -0.265339 
-0.0130056 0.0218531 -0.557512 -0.290476 -0.235032 -0.296196 0.294669 -0.171214 0.546466 -0.304385 0.093317 -0.0746728 0.0053931 -0.0191728 0.231884 -0.459272 0.163866 -0.18803 0.139796 0.0678823 -0.215314 -0.0808446 0.167254 0.0535267 -0.449008 0.0677783 -0.261237 -0.074207 -0.0378654 0.0371497 
0.0461113 -0.333408 -0.0916529 -0.536937 -0.0352971 0.415859 -0.21862 -0.422346 -0.106282 -0.409862 -0.261058 -0.370599 -0.471952 0.31446 0.0345401 0.115813 0.344513 0.0872564 0.0881288 -0.00801381 -0.0358246 -0.0321836 -0.270188 -0.715301 -0.261501 -0.568399 0.720661 0.219722 0.156404 -0.107838 
-0.0304701 -0.236321 -0.197997 0.0677565 -0.418748 0.0399972 0.477168 -0.0609512 -0.405549 0.151352 0.431317 -0.304539 -0.0778543 -0.152088 0.175068 0.209628 -0.380858 -0.400105 -0.264488 -0.189074 -0.261871 0.292626 0.548349 -0.278949 0.151435 -0.0999488 0.428254 0.0470205 -0.442994 0.225543 
0.113975 0.654842 0.0152306 -0.466926 -0.208982 -0.128583 -0.305362 -0.294908 0.0572065 -0.567729 0.320163 0.360535 -0.365381 -0.0289311 -0.304251 -0.465048 -0.0864607 0.0374478 -0.346069 -0.190828 -0.25876 0.615833 0.422033 0.55625 -0.232101 0.0601606 -0.712376 0.316905 -0.0532556 0.320569 
0.207689 0.375372 0.228756 -0.431284 0.413031 -0.204018 0.0770332 -0.501425 -0.332794 -0.321776 -0.1258 0.152103 -0.224225 -0.138326 0.392317 0.131244 -0.35401 -0.259057 -0.122272 0.430637 0.448028 0.197935 0.419144 0.352359 -0.0455147 0.432317 0.243213 0.362077 0.234713 -0.418713 
0.0792347 -0.46536 0.354678 0.796002 -0.321373 0.146637 0.707273 0.609927 -0.134565 0.319489 0.364222 0.252891 0.375986 -0.202616 -0.0869166 0.590315 -0.394649 -0.384641 -0.24057 0.0745858 -0.104032 -0.12961 0.218156 0.422237 0.387404 -0.0970684 0.148437 -0.0987317 0.124578 0.0418377 
-0.256664 0.16488 0.179594 0.462374 0.23036 0.300827 0.292625 0.0932722 -0.0762106 -0.380488 0.291833 0.258545 0.0493385 -0.03481 0.144062 -0.351943 0.17789 0.177522 0.233867 0.0808953 -0.281733 0.0453508 -0.220613 0.06533 -0.0166162 0.314404 0.306955 -0.38627 -0.156897 0.48194 
-0.160576 0.210759 -0.277245 -0.248178 -0.414204 0.659521 0.49245 0.184786 0.235125 -0.135881 -0.250225 0.0510512 0.429431 0.232915 -0.256525 0.520459 0.333899 0.294596 -0.322618 0.0960351 0.192001 0.0727869 -0.158733 -0.178731 0.141556 -0.348862 -0.224678 -0.451273 0.706821 -0.718815 
0.440492 -0.448148 -0.188423 -0.295129 0.602983 -0.36742 0.22859 0.13686 -0.717821 -0.0470251 0.62671 -0.0102781 -0.323236 0.795898 0.0207984 -0.53821 -0.388951 -0.317524 -0.0392135 0.37473 0.170581 -0.0877267 0.803024 -0.3233 -0.130355 -0.370003 -0.0020657 -0.309904 -0.885853 0.408032 
0.142644 0.511034 -0.484258 -0.189009 -0.272069 -0.43226 0.17778 -0.106699 0.592967 0.0764932 -0.294172 0.251864 0.180125 -0.358089 0.186974 0.433349 -0.0682273 0.126579 -0.384609 -0.212567 -0.245334 0.546314 -0.164085 -0.0753835 0.48609 0.0546805 -0.445153 0.294535 0.297967 -0.451494 
0.0112569 -0.343628 0.0560322 0.143593 -0.365371 0.201008 -0.0924079 0.3771 -0.345247 0.00861535 0.444324 -0.331699 -0.554546 0.0576714 0.4574 -0.204561 0.296953 -0.50809 0.243089 0.391161 0.0990847 -0.2816 0.172502 0.172888 0.23072 -0.222144 0.0568184 0.0103731 -0.256846 0.349714 
-0.111562 0.687019 -0.666394 -0.776592 0.152492 -0.476156 -0.00977256 -0.594181 0.554602 -0.400153 -0.0720666 0.0678828 -0.0693519 -0.0839783 0.0548868 -0.311618 0.00298951 -0.285888 -0.207712 -0.265495 0.362976 0.231476 0.24432 -0.218787 -0.0282763 0.0230321 -0.0860822 0.378326 -0.243554 0.0100031 
-0.108077 1.02013 -0.483361 -0.0169002 -0.177777 0.194505 -0.448147 -0.0015861 0.833 -0.702518 -0.511895 0.301429 -0.0637936 -0.660614 -0.655533 -0.0554054 0.191692 0.213525 0.660647 -0.0849694 -0.181213 0.187171 -0.464576 0.105273 -0.0123387 0.132801 -0.26835 0.0728038 0.814221 -0.078838 
-0.0645429 0.774967 -0.426731 -0.492535 -0.0324752 -0.113806 -0.59678 0.169423 0.358917 -0.0432766 -0.333078 0.372961 -0.347759 -0.207542 -0.407111 0.238128 -0.284618 0.360278 -0.26947 -0.33842 -0.437513 0.502789 0.0793349 -0.320546 0.271273 0.430748 0.0674023 -0.292943 0.0908934 -0.0732221 
0.0239495 0.307185 0.257093 -0.446291 0.0822655 -0.518938 0.249443 0.0600918 0.128635 0.594114 0.251331 -0.220211 0.538417 -0.117347 0.426859 -0.174855 -0.500209 0.171043 -0.050793 0.118116 -0.159212 0.174656 0.683209 -0.140317 -0.292581 -0.0589327 -0.527437 0.482627 -0.663302 0.3442 
-0.402485 -0.432966 0.145345 -0.372272 -0.0476197 0.118217 0.452066 -0.232408 0.105881 -0.249143 -0.421762 0.0207824 0.264631 -0.203772 -0.361422 0.3965 0.344261 -0.29098 -0.1734 0.358006 0.147815 -0.223344 -0.0207893 -0.487581 0.385167 -0.424513 0.376946 -0.0815066 -0.0147174 -0.400175 
Layer 3 Weights:
0.0117455 -0.402204 0.0372457 -0.158317 -0.313222 0.360213 0.491603 0.0759127 -0.181024 0.347471 -0.548032 -0.119917 0.409786 -0.419378 0.109607 -0.32989 0.467265 -0.62921 -0.231431 -0.407286 0.129901 0.146761 0.293009 0.514515 0.264945 
0.369268 0.0338648 -0.119308 -0.0700523 0.273553 -0.0183969 -0.147516 0.250281 0.0288876 -0.275436 0.422398 0.45874 -0.0972844 -0.202012 -0.27326 0.0729217 0.226273 0.407567 0.273234 0.29966 0.293333 -0.346686 -0.237306 0.33805 0.0192104 
0.0634596 -0.10384 -0.210442 0.0227112 -0.430913 -0.34873 -0.00856285 -0.400357 0.730367 0.640095 -0.0741385 0.283983 0.886977 0.058391 -0.470792 0.192822 -0.485703 -0.22424 0.37831 -0.0154364 -0.114834 0.825949 0.500359 0.557634 0.0319668 
-0.00385165 0.273301 -0.244338 0.0613677 0.443473 0.403468 0.355582 0.090596 -0.074242 0.0452719 -0.261217 0.0615928 -0.433969 -0.428894 -0.0640139 0.474147 0.660209 -0.524523 -0.0663265 -0.255889 0.26946 -0.484453 0.00138432 -0.388926 0.498068 
0.380096 0.202618 0.432428 -0.439068 -0.13259 -0.419648 0.204999 -0.348894 -0.279776 0.044278 0.0717523 0.258589 0.120478 -0.47183 -0.201447 -0.262356 -0.106102 -0.241181 -0.207696 0.445774 -0.0272086 -0.314654 -0.27486 -0.12241 0.271933 
0.342489 0.33632 -0.414718 -0.186814 -0.199958 -0.285959 0.401506 -0.206726 -0.551309 -0.500404 -0.342904 0.0958138 -0.437918 -0.180041 -0.0209667 -0.35784 0.295008 0.00857489 -0.207727 -0.257529 0.106308 -0.386404 0.310318 -0.0449961 0.0917903 
-0.409294 0.480654 -0.159374 -0.20194 0.188492 -0.426192 -0.278615 -0.687595 -0.120994 -0.346826 -1.36841 0.520863 -0.185364 0.105162 0.743618 -0.258233 -0.000689 0.245769 -0.401216 -0.249259 0.347605 -0.00887679 0.271933 0.488702 -0.94708 
0.292921 -0.279629 0.147264 -0.515327 -0.103426 0.117841 -0.493495 0.423149 -0.0782178 0.4778 -0.0774424 -0.0104345 0.58773 -0.341067 0.0726999 -0.249974 0.0683528 0.631022 0.196346 0.343232 -0.00400138 -0.569826 -0.490284 -0.12715 0.000609795 
-0.401937 -0.335 -0.242532 -0.268524 0.053728 -0.147941 0.0167686 -0.436835 0.687352 0.0556119 0.307912 -0.0858777 0.349434 0.461158 -0.643218 0.213554 -0.297963 -0.0294539 0.513103 0.356917 -0.405882 0.433689 0.284593 0.26138 0.269414 
0.316393 -0.0361479 0.400562 0.091964 -0.20158 -0.202099 -0.279717 0.00276632 -0.0133492 0.348712 0.329707 0.343723 -0.402729 0.022257 -0.113893 0.0367365 -0.301713 -0.358168 -0.201147 0.317808 -0.466957 0.470638 0.345135 -0.422321 -0.237288 
-0.207384 0.0464328 -0.0198724 -0.415659 -0.228634 0.40722 -0.319305 0.0293387 -0.244378 -0.0403062 0.236267 -0.103684 0.00206348 -0.26115 -0.194897 -0.131361 -0.323954 -0.389741 0.281042 -0.329798 -0.417601 -0.0465184 -0.0113098 0.328075 -0.334637 
0.421918 -0.38545 -0.183941 0.27349 -0.403064 0.166444 -0.379012 0.167396 -0.15284 0.422634 -0.423684 -0.212593 0.132869 0.0524538 0.341759 0.0505149 -0.333697 0.413973 -0.406308 0.393351 -0.215926 0.353143 0.180725 -0.365749 -0.231423 
-0.158905 -0.310809 -0.163207 0.42088 -0.168659 0.174465 -0.356759 -0.28922 -0.137704 -0.0821214 0.159327 -0.38036 0.414683 -0.299239 0.325035 0.240842 0.345555 -0.599189 -0.14275 0.353433 -0.108387 0.19602 0.509176 -0.342912 -0.166019 
-0.351668 -0.178369 -0.0374711 0.152718 0.386346 0.625231 0.516382 0.346449 -0.46258 -0.579617 -0.134679 0.317791 -0.830802 0.0323881 0.83287 -0.284231 0.494435 -0.377756 0.361666 -0.177991 0.813955 0.202018 -0.387573 0.12993 -0.123184 
0.298331 -0.268641 0.385468 -0.232554 -0.23928 -0.382275 0.0704861 0.258425 -0.120642 -0.312765 0.330894 0.0705572 0.0640006 -0.219904 -0.106713 -0.450819 -0.414185 0.407694 0.312953 -0.0108339 -0.755174 0.0797476 0.16845 0.207228 0.648309 
-0.334003 0.240134 0.330094 -0.0731278 -0.0418843 -0.0724881 0.22603 -0.329719 -0.1955 -0.298813 -0.299198 -0.0423343 -0.212682 0.383859 0.109483 -0.26732 -0.0640464 -0.221874 0.108625 -0.0413997 -0.0427287 0.208124 0.336095 0.472686 -0.394206 
0.394665 -0.159435 0.130872 -0.259516 0.460695 0.374426 -0.133255 0.325032 0.867072 0.077414 0.0791967 -0.13202 -0.169897 -0.234028 -0.180267 -0.0905574 -0.293937 0.0131499 0.413473 -0.22967 -0.38613 0.356017 0.0381105 0.174496 -0.0561696 
0.07068 0.318971 -0.381359 -0.233759 0.0449347 -0.501686 -0.00736781 0.31035 0.0799161 -0.312035 -0.388077 0.117997 -0.139683 -0.228273 -0.531593 -0.39094 -0.13936 0.960734 0.361618 0.234853 -0.670006 0.654799 -0.0885776 0.402187 0.210997 
0.358439 -0.411285 -0.23412 0.0946569 0.353429 -0.154963 0.299138 0.0253566 0.386962 -0.239131 -0.279353 0.46623 -0.0856738 -0.360948 -0.182631 -0.173566 -0.349209 -0.0151518 -0.13979 -0.071721 -0.489221 0.0627924 0.299718 0.324527 0.0991113 
-0.261139 -0.197202 0.000494885 -0.0768721 0.387344 -0.496969 0.475393 -0.170196 -0.346695 0.323926 0.620538 0.351059 0.296625 0.182699 -0.325442 -0.0952502 -0.279501 0.619388 -0.702185 0.454645 -0.215434 -0.795589 -0.083178 -0.225331 0.206767 
Layer 4 Weights:
-0.150339 0.169988 0.615776 -0.381907 0.315586 -0.0222181 -0.265601 -0.151957 0.482838 -0.291552 0.196257 -0.417267 -0.336869 -0.380498 0.293232 -0.154906 0.281048 0.219635 0.359427 0.259777 
0.304256 -0.223865 0.434813 0.1769 -0.0636253 0.301752 0.397084 -0.144337 0.378878 0.211649 0.169243 0.12593 -0.0666478 -0.614498 -0.00499369 0.368722 -0.508921 0.000503124 0.0507923 0.174033 
-0.19068 0.235687 -0.0927758 0.237692 -0.380547 -0.369558 -0.0322386 0.0804515 0.382645 0.365212 -0.156942 0.239104 -0.0698606 -0.0567652 -0.104134 0.00252875 0.113512 -0.77596 0.0907033 0.507499 
-0.367447 0.122398 -0.0624891 0.351663 -0.153164 -0.301337 -0.424017 0.371894 0.230171 -0.262477 -0.0994093 0.0172952 0.00427807 -0.314277 0.113102 -0.147965 -0.22247 -0.34685 -0.369437 -0.417356 
-0.018705 0.0518255 -0.346924 -0.233325 -0.072754 0.0815188 -0.268527 -0.151224 -0.207473 0.206296 -0.238067 -0.414243 0.0712156 -0.341915 0.423205 0.399956 0.114134 0.348916 -0.322246 -0.322509 
-0.518957 0.261646 -0.0947803 0.167089 -0.176577 0.301167 0.511552 0.179385 -0.106982 -0.38151 -0.250308 0.151542 0.327824 0.362802 -0.391343 0.43205 -0.218353 -0.0474909 0.283753 0.381754 
-0.00827631 0.189583 0.491593 -0.474855 0.385017 -0.394933 -1.08838 -0.427187 0.534663 0.468678 0.0275977 -0.0263216 -0.494937 -0.831352 0.645014 -0.28622 0.384135 0.717927 0.199303 0.436729 
0.547091 0.233248 0.241661 0.00358047 -0.339957 -0.00283019 -0.658653 -0.389789 0.230614 -0.231468 -0.282646 -0.0557612 0.59131 -0.0872445 0.544522 0.158243 -0.269363 0.627668 0.435592 -0.587655 
-0.133152 -0.0339178 -0.305849 -0.134849 0.0788709 0.0424517 -0.266979 0.2326 -0.22707 0.151563 -0.00736461 -0.346024 -0.0648936 -0.359861 -0.0619054 -0.225854 0.0278089 -0.401721 0.306089 -0.301951 
0.0583819 0.714938 -0.365663 0.699531 -0.0513024 0.516389 0.848769 0.585398 -0.498142 -0.33045 0.409064 0.314362 -0.44198 0.582399 0.114868 0.0289121 -0.394165 -0.406331 0.24878 0.723944 
-0.135295 0.0830936 -0.174028 -0.0654983 0.353073 0.0405092 0.189889 -0.403007 -0.361306 -0.356996 -0.28784 -0.285713 0.0728512 -0.10448 -0.146634 -0.139508 -0.109227 0.262699 -0.0761107 -0.143532 
0.399671 -0.20363 -0.421773 0.324308 0.378787 -0.0436155 -0.191405 -0.375356 -0.261996 0.0142902 -0.198753 0.244526 -0.14472 0.162897 0.0260825 0.348499 -0.218903 -0.338508 -0.186348 0.155293 
0.417757 0.142915 0.461919 -0.1089 -0.37226 -0.491504 -0.476618 -0.55145 0.219014 -0.0770547 0.210633 0.10946 -0.0462262 0.100268 -0.0114579 -0.334688 0.420492 -0.128033 0.38652 0.0631279 
0.514314 -0.381279 0.0583108 0.32734 -0.0108341 0.353049 -0.441894 0.152496 -0.356916 -0.120488 -0.421014 0.054067 0.0752181 0.0193986 0.0645348 -0.48584 -0.511144 0.121021 0.198557 -0.353476 
0.21545 0.102586 0.67843 0.0371074 0.303735 -0.506169 -0.219945 -0.39334 0.588365 -0.0734206 -0.0820671 -0.290728 0.335366 0.282711 -0.290829 -0.0262539 0.256896 0.478501 -0.197532 -0.612921 
Layer 5 Weights:
-0.347903 -0.327686 -0.424694 -0.305352 0.174651 -0.150512 -0.209047 -0.136983 -0.0201335 -0.290167 -0.417799 0.204321 0.322605 0.0110713 0.0362633 
0.557889 0.144278 -0.127522 -0.049594 0.433505 0.201883 0.50114 -0.0524238 0.0827816 -0.922221 -0.243309 -0.0819196 0.501374 0.307205 0.623934 
-0.305169 0.18315 0.0704167 -0.154704 -0.031228 -0.214792 -0.0782227 0.378534 0.322365 -0.780408 -0.286091 0.0229917 0.219284 0.0157268 -0.0871754 
0.595739 -0.340156 -0.48526 -0.18139 0.0365727 -0.068215 0.653372 0.502779 0.324283 -0.646494 -0.270544 0.414961 0.17511 0.650146 0.512939 
0.471172 0.358106 -0.363289 -0.205683 -0.177658 -0.854115 1.21308 0.329534 0.000256412 -0.715946 0.278089 0.411718 -0.169975 -0.112571 -0.4496 
-0.32799 -0.464485 -0.254161 0.118789 -0.00250003 -0.163449 0.528838 0.676532 -0.106954 -0.319079 0.341007 0.207598 0.0510178 0.0801871 0.679907 
-0.266225 -0.0962233 -0.278576 -0.109935 0.0562839 -0.119028 0.3088 0.538758 -0.159024 -0.143889 -0.294779 -0.107365 -0.0887248 -0.2847 -0.280323 
-0.447207 -0.0534035 -0.411012 0.408057 -0.0797201 0.0607128 0.489946 0.258055 -0.0326218 -0.393961 0.228573 0.0835202 0.429276 0.363981 0.67407 
-0.327347 -0.105422 -0.0804246 -0.201097 0.217866 -0.114551 -0.378521 0.250782 -0.402428 0.0508042 -0.264243 -0.303047 -0.444661 -0.0813193 -0.373384 
0.329192 -0.403697 -0.594382 -0.39683 -0.384657 -0.646363 0.979767 0.827335 0.269751 -0.566133 -0.301115 0.064825 0.36571 0.55273 0.158517 
Layer 6 Weights:
-0.111186 -0.440035 -0.428707 -0.226993 1.60648 -0.195256 -0.110324 -0.31445 0.088583 -0.389125 
-0.363452 0.629974 0.157696 0.366132 -0.111637 0.156957 -0.0426228 -0.0164938 0.15372 0.829625 
-0.40865 0.786102 0.630159 1.25694 0.694132 1.12674 0.301772 0.624964 -0.395925 1.0642 
-0.429066 -0.537715 -0.356786 0.27764 -0.0487703 0.00029655 0.332865 0.219799 0.136469 0.267011 
0.189303 0.545743 0.317853 0.509572 -0.125884 0.326526 0.250349 0.860963 0.0996011 1.03946 
Layer 7 Weights:
1.52537 0.752362 1.81711 0.239388 1.40939 
-0.813789 -0.614776 -1.50645 0.316884 -0.701919 
Layer 1 Bias:
-0.163423 0.50812 -0.39895 -0.654942 0.0805603 -0.124033 -0.167321 -0.499613 0.343847 -0.357657 -0.298261 0.0537555 0.0405179 -0.12061 -0.205174 -0.194636 0.220389 0.0757442 0.0349323 -0.185244 0.266893 0.217888 -0.0913493 -0.0903543 -0.125958 0.0725851 -0.180257 0.143729 0.103496 -0.219436 
Layer 2 Bias:
-0.0628368 0.143487 -0.0729754 0.0691012 0.0787385 0.0018699 -0.10271 -0.0429278 -0.432789 -0.289435 0.116401 -0.0848238 -0.140496 -0.0164341 -0.396698 -0.0252387 -0.0771191 0.0856071 0.106519 -0.198083 0.430665 0.104467 -0.0973133 0.0675676 -0.0490896 
Layer 3 Bias:
0.0594427 0.0847615 0.177928 0.0886662 0.225852 0.286185 -0.0604587 -0.286717 0.237187 0.0384964 -0.0336613 -0.0129897 -0.141309 -0.255408 0.0707728 -0.113822 0.069931 0.371762 0.0300152 -0.0321134 
Layer 4 Bias:
0.123711 0.110901 0.296164 0.0178812 -0.0474362 0.154002 0.0587994 0.0267775 0.00927952 0.094796 -0.00135397 -0.0931236 0.00449139 0.114128 0.0776332 
Layer 5 Bias:
0.000203225 -0.00879736 0.189253 0.14784 0.179966 -0.0351054 0.0929681 -0.231919 -0.00257412 -0.112772 
Layer 6 Bias:
-0.112176 -0.245519 -0.4947 -0.192499 -0.236649 
Layer 7 Bias:
-3.28341 3.29782 
