Network Structure:
Parameters: 5
Number of layers: 3
3 6 10 5 2 
Activation Functions:
relu sigmoid softmax 
Hyperparameters:
Learning rate: 0.01
Max epochs: 1000
Current epoch: 1001
Training mode: 0
Data size: 40
Error: 120207
Layer 1 Weights:
-0.239958 -1.4497 -0.242766 -0.868288 -0.0329835 -0.844959 
1.76274 0.163121 2.07997 -0.530353 -0.174904 0.86049 
0.314061 -2.6995 2.21544 1.26102 -0.588508 0.765188 
0.0542536 1.28236 0.26092 -1.09227 -0.230147 1.0503 
0.529882 0.159615 0.125817 0.202175 0.449971 -0.347721 
-0.806705 0.25369 1.24949 0.088714 0.57209 -0.435168 
0.277011 -0.281943 -0.410589 0.766664 0.946251 -0.904107 
0.639512 1.29803 3.11645 0.30991 -0.546315 0.296798 
0.593061 1.55199 0.90734 0.601174 -0.630448 2.19984 
0.720592 0.706358 -0.766079 0.116915 -2.20301 -0.614939 
Layer 2 Weights:
0.950621 1.49123 -1.94348 -0.981768 0.566336 -0.929168 0.686692 -1.79394 1.19165 -1.16786 
0.723963 0.881649 -1.27902 -1.05602 -0.0673884 -0.346522 0.528502 -1.49237 1.30832 -0.754792 
0.698725 1.03162 -1.43328 -0.81048 -0.488499 -0.0140025 0.332493 -0.812089 0.977729 -0.923036 
-1.26528 -1.66833 2.22114 1.06929 0.105926 0.376293 -0.911246 1.89075 -1.63525 1.39566 
-0.8899 -1.14087 1.78384 0.949525 -0.497682 1.21807 -0.632596 1.18922 -1.20093 1.27946 
Layer 3 Weights:
-2.63021 -1.77332 -1.86801 3.45813 2.64334 
2.90857 2.35235 1.71212 -3.47654 -2.55898 
Layer 1 Bias:
-0.983607 0.56486 -1.60374 1.25731 -0.0310191 -0.512124 0.168707 -1.30487 -0.322855 -0.112674 
Layer 2 Bias:
0.0255938 0.12547 0.0689058 0.533751 -0.238292 
Layer 3 Bias:
-0.0346799 0.050189 
