0.210882 0.546875 0.381051 4.62688 1 0;
0.284964 0.496914 0.395267 3.72393 1 0;
0.27034 0.544872 0.322425 6.78888 1 0;
0.258378 0.5 0.282828 8.12713 1 0;
0.245354 0.467949 0.332005 4.9825 1 0;
0.236597 0.528409 0.338914 5.53079 1 0;
0.184399 0.490196 0.202373 12.1129 1 0;
0.200097 0.505208 0.347512 5.94447 1 0;
0.350895 0.520833 0.436709 4.35734 1 0;
0.333709 0.538462 0.52159 3.50228 1 0;
0.193366 0.5 0.243038 7.68636 1 0;
0.140285 0.5 0.182176 12.3169 1 0;
0.16097 0.625616 0.176681 13.8678 1 0;
0.173183 0.530864 0.210276 9.26438 1 0;
0.125601 0.525641 0.325355 5.81437 1 0;
0.239472 0.484127 0.344814 5.07145 1 0;
0.1894 0.530303 0.198139 10.7612 1 0;
0.134336 0.532738 0.346928 4.81078 1 0;
0.153013 0.611111 0.107686 23.0867 1 0;
0.167307 0.548077 0.333278 5.52424 1 0;
0.129156 0.532467 0.128597 18.5518 1 0;
0.300809 0.508333 0.443318 3.55093 1 0;
0.281692 0.532408 0.293143 6.55962 1 0;
0.24103 0.491991 0.155393 15.4732 1 0;
0.264101 0.557692 0.166603 12.7129 1 0;
0.232919 0.486111 0.247944 8.41048 1 0;
0.274542 0.584775 0.301917 5.21511 1 0;
0.287682 0.461039 0.319896 4.85044 1 0;
0.163632 0.484127 0.25007 8.56128 1 0;
0.253654 0.593583 0.264311 6.29785 1 0;
0.19485 0.592593 0.148009 15.2475 1 0;
0.162039 -1 0.0427535 2.85146 1 0;
0.20819 0.583333 0.0397092 4.64362 1 0;
0.222518 -1 0.0401828 3.88784 1 0;
0.150715 0.592593 0 7.93759 1 0;
0.146128 0.489879 0.0325197 7.86016 1 0;
0.145872 0.587398 0.0389958 7.86065 1 0;
0.161768 0.51505 0 7.84354 1 0;
0.149342 0.561539 0.0410907 7.15749 1 0;
0.138324 0.516667 0.0394882 7.77691 1 0;
0.160301 0.461047 0.0307268 7.83159 1 0;
0.132023 0.955556 0.0302749 8.08309 1 0;
0.0998109 0.967347 0.0246904 10.9128 1 0;
0.142945 0.843243 0.0370974 4.799 1 0;
0.141512 0.865306 0.0354311 7.80479 1 0;
0.142574 0.516667 0.287726 4.80534 1 0;
0.131187 -1 0.00958697 12.3478 1 0;
0.167599 0.541667 0.014783 5.29582 1 0;
0.173605 0.454545 0.0403155 14.8045 1 0;
0.129003 -1 0.110973 15.569 1 0;
