0.013436 	0.534649;	
1.000988	1.516621;	
1.988435	2.366531;	
2.794671	3.375125;	
3.813923	4.244195;	
4.709615	5.118594;	
5.614905	6.273091;	
6.724679	7.162411;	
7.612955	8.028307;	
8.518239	8.953840;	
9.395853	9.715355;	
10.205264	10.565264;	
11.014697	11.385332;	
11.811364	12.087214;	
12.504720	12.794402;	
13.314108	13.644289;	
14.090541	14.738092;	
15.213058	15.549611;	
15.996967	16.725447;	
17.219647	17.735134;	
18.210111	18.476370;	
18.910927	19.379544;	
19.810904	20.174079;	
20.606472	21.066562;	
21.511776	21.856833;	
22.295631	22.747219;	
23.217959	23.612018;	
24.021009	24.321349;	
24.796360	25.175521;	
25.603662	25.979626;	
26.396047	26.890219;	
27.305681	27.548788;	
28.002522	28.399324;	
28.898293	29.206366;	
29.704964	30.277096;	
30.703050	31.265341;	
31.694424	32.288755;	
32.703066	33.324517;	
33.780759	34.424046;	
34.906562	35.217287;	
35.714161	36.310941;	
36.801732	37.405927;	
37.894227	38.498422;	
39.006420	39.867100;	
40.327055	41.139640;	
41.607715	42.569960;	
43.114178	43.855402;	
44.303743	44.666827;	
45.102119	45.776858;	
46.220110	47.044237;	
