0.210882 0.526593 0.542855 0.381051 1.0056 0.0462688 1 0;
0.284964 0.587883 0.373141 0.395267 1.23278 0.0372393 1 0;
0.27034 0.467863 0.508803 0.322425 0.723516 0.0678888 1 0;
0.258378 0.460192 0.460634 0.282828 0.58678 0.0812713 1 0;
0.245354 0.561734 0.54083 0.332005 0.908701 0.049825 1 0;
0.236597 0.558645 0.422577 0.338914 0.840872 0.0553079 1 0;
0.184399 0.373836 0.532212 0.202373 0.479114 0.121129 1 0;
0.200097 0.470165 0.52095 0.347512 0.875325 0.0594447 1 0;
0.350895 0.542236 0.571863 0.436709 1.08527 0.0435734 1 0;
0.333709 0.580912 0.363868 0.52159 1.33291 0.0350228 1 0;
0.193366 0.405173 0.465735 0.243038 0.658916 0.0768636 1 0;
0.140285 0.347869 0.445748 0.182176 0.445737 0.123169 1 0;
0.16097 0.356881 0.355373 0.176681 0.429587 0.138678 1 0;
0.173183 0.38915 0.513685 0.210276 0.534023 0.0926438 1 0;
0.125601 0.453799 0.395727 0.325355 0.796728 0.0581437 1 0;
0.239472 0.475149 0.412618 0.344814 0.903318 0.0507145 1 0;
0.1894 0.365326 0.512657 0.198139 0.479114 0.107612 1 0;
0.134336 0.467266 0.501318 0.346928 0.920544 0.0481078 1 0;
0.153013 0.275862 0.201871 0.107686 0.298235 0.230867 1 0;
0.167307 0.457177 0.402972 0.333278 0.868865 0.0552424 1 0;
0.129156 0.344276 0.31575 0.128597 0.299312 0.185518 1 0;
0.300809 0.548021 0.451452 0.443318 1.16495 0.0355093 1 0;
0.281692 0.471357 0.32133 0.293143 0.693369 0.0655962 1 0;
0.24103 0.358496 0.29205 0.155393 0.288545 0.154732 1 0;
0.264101 0.370994 0.419854 0.166603 0.411284 0.127129 1 0;
0.232919 0.427802 0.527718 0.247944 0.555557 0.0841048 1 0;
0.274542 0.510897 0.450428 0.301917 1.02067 0.0521511 1 0;
0.287682 0.491468 0.649598 0.319896 1.06051 0.0485044 1 0;
0.163632 0.4305 0.517735 0.25007 0.558787 0.0856128 1 0;
0.253654 0.471766 0.545678 0.264311 0.733206 0.0629785 1 0;
0.19485 0.350241 0.261827 0.148009 0.204565 0.152475 1 0;
0.162039 0.392491 -1 0.0427535 0.963611 0.0285146 1 0;
0.20819 0.353525 0.493352 0.0397092 0.717056 0.0464362 1 0;
0.222518 0.379928 -1 0.0401828 0.835488 0.0388784 1 0;
0.150715 0.235863 0.304144 0 0.419897 0.0793758 1 0;
0.146128 0.227617 0.495925 0.0325197 0.412361 0.0786016 1 0;
0.145872 0.232299 0.418315 0.0389958 0.415591 0.0786065 1 0;
0.161768 0.230307 0.464731 0 0.416667 0.0784354 1 0;
0.149342 0.244011 0.46183 0.0410907 0.439277 0.0715749 1 0;
0.138324 0.236224 0.500597 0.0394882 0.419897 0.0777691 1 0;
0.160301 0.245202 0.460767 0.0307268 0.427434 0.0783159 1 0;
0.132023 0.226883 0.0240945 0.0302749 0.52541 0.0808309 1 0;
0.0998109 0.218393 0.00798626 0.0246904 0.423127 0.109128 1 0;
0.142945 0.27011 0.149032 0.0370974 0.635229 0.04799 1 0;
0.141512 0.22868 0.0498637 0.0354311 0.487727 0.0780479 1 0;
0.142574 0.414195 0.423373 0.287726 0.891475 0.0480534 1 0;
0.131187 0.149048 -1 0.00958697 0.303618 0.123478 1 0;
0.167599 0.247105 0.454977 0.014783 0.484497 0.0529582 1 0;
0.173605 0.206792 0.567688 0.0403155 0.357451 0.148045 1 0;
0.129003 0.260404 -1 0.110973 0.439277 0.15569 1 0;
0 0.367904 0.434565 0.195491 0.479114 0.113478 0 1;
0.135643 0.30925 0.548526 0.141915 0.376831 0.182316 0 1;
0.0820903 0.366956 0.370688 0.253097 0.569553 0.0997514 0 1;
0.172517 0.380054 0.592704 0.208549 0.424204 0.122753 0 1;
0.158593 0.454067 0.533774 0.326682 0.791345 0.0569428 0 1;
0.168671 0.345502 0.575425 0.19803 0.52218 0.103789 0 1;
0.193141 0.366868 0.194686 0.182025 0.461887 0.110657 0 1;
0.147398 0.264091 0.173322 0.0995672 0.374678 0.184836 0 1;
0.087501 0.444984 0.522689 0.316822 0.581396 0.0843797 0 1;
0.133052 0.4197 0.50089 0.238848 0.410208 0.104941 0 1;
0.20674 0.363162 0.555594 0.19499 0.416667 0.128058 0 1;
0.120382 0.255481 0.580222 0.0940747 0.305771 0.237196 0 1;
0.0972769 0.444878 0.575066 0.312343 0.534023 0.0853427 0 1;
0.0930443 0.377479 0.454884 0.211854 0.62877 0.0715157 0 1;
0.162616 0.355224 0.380496 0.16258 0.469424 0.132395 0 1;
0.171135 0.505156 0.43575 0.348741 0.790269 0.0585513 0 1;
0.154942 0.372964 0.486527 0.177716 0.51572 0.0962133 0 1;
0.192392 0.349819 0.57206 0.184675 0.504954 0.120879 0 1;
0.157487 0.422557 0.445201 0.237288 0.59324 0.0816385 0 1;
0.139034 0.385285 0.69491 0.182349 0.490957 0.106138 0 1;
0.108675 0.319358 0.384855 0.134674 0.174419 0.203974 0 1;
0.174789 0.370178 0.49314 0.177694 0.250862 0.144649 0 1;
0.136892 0.287064 0.555287 0.119015 0.197029 0.217786 0 1;
0.155979 0.347062 0.560872 0.157212 0.367141 0.115242 0 1;
0.152603 0.477089 0.527023 0.307657 0.806418 0.0597939 0 1;
0.13213 0.275856 0.194587 0.0973244 0.147502 0.230484 0 1;
0.159358 0.488256 0.29649 0.224317 0.578166 0.079566 0 1;
0.144401 0.264728 0.549385 0.109568 0.354221 0.189774 0 1;
0.160729 0.514447 0.484856 0.473177 1.06159 0.0444952 0 1;
0.102858 0.223951 0.0402653 0.0606124 0.344531 0.205861 0 1;
0.165601 0.23497 0.380235 0.0795628 0.400518 0.154341 0 1;
0.131666 0.254924 -1 0.100645 0.46727 0.139303 0 1;
0.111171 0.245395 -1 0.0805413 0.320845 0.201795 0 1;
0.144032 0.310493 0.097006 0.127981 0.61908 0.0991006 0 1;
0.121422 0.242555 0.0160011 0.0787485 0.388674 0.179784 0 1;
0.144012 0.294651 0.010799 0.116004 0.475884 0.121264 0 1;
0.146918 0.248852 0.119979 0.0910447 0.415591 0.173129 0 1;
0.12185 0.308154 0.449918 0.126525 0.618003 0.0923579 0 1;
0.161921 0.151849 0.239279 0.000867445 0.287468 0.052624 0 1;
0.177043 0.224806 0.331284 0.0733138 0.348838 0.169105 0 1;
0.19254 0.203143 0.289447 0 0.355298 0.178454 0 1;
0.162171 0.437768 0.390496 0.248336 0.703059 0.0649484 0 1;
0.15999 0.255761 -1 0 0.424204 0.140323 0 1;
0.0894099 0.284521 -1 0 0.388674 0.179167 0 1;
0.365764 0.395387 -1 0 0.639536 0.0767509 0 1;
0.0968986 0.26457 0.00856012 0.0566913 0.510337 0.124011 0 1;
0.168651 0.284816 -1 0 0.495264 0.108644 0 1;
0.137066 0.23313 0.513223 0.0730462 0.390828 0.181941 0 1;
0.157216 0.298538 -1 0.10372 0.546943 0.0995493 0 1;
0.10157 0.288418 0.105945 0.0822924 0.427434 0.130965 0 1;
