0.1533829184728792 0.5644596589426361 0.6231486458273351 0.1419824670526458 1 0;
0.8870004515751725 0.5180804203971754 1.0 0.03118725482961107 1 0;
0.16537557059396063 0.756607625760612 0.21144763932877847 0.6094237435631542 1 0;
0.17307455714082765 0.7346823389740468 0.01674504957827302 0.4550640354147519 1 0;
1.0 0.5806118640160544 0.3537707439980677 0.23114805631934612 0 1;
0.9475841433308764 0.8208724013527324 0.8369938094961145 0.07216167804126289 1 0;
0.5755334385951183 0.7756956252523752 0.6359193620871675 0.10211930723102298 1 0;
0.27461022999312235 0.5806118640160544 0.3537707439980677 0.5357851729957724 0 1;
0.3014333017124957 0.6507137750108913 0.026723549549337266 0.11713358258091042 1 0;
0.36065627514993465 0.7631498366907511 0.38697297258422003 0.4438076416968642 1 0;
0.20947200956592027 0.06096373958483368 0.06637633547484802 0.2373632724334799 1 0;
0.5316978627204425 0.756607625760612 0.4744879065205847 0.266387900407032 1 0;
0.05353545288125052 0.8255352188002703 0.5981602909441861 0.2723199096804986 0 1;
0.21452358819305417 0.20532954647920598 0.06957631209195461 0.09332599838797327 1 0;
0.1887827458097103 0.78689919786438 0.2708689179019719 0.7370153736748939 0 1;
0.2257442265532547 0.7103244677495059 0.060785258284039564 0.24001659946693857 1 0;
0.03861478875200624 0.6505783888033917 0.4051803651946669 0.20606100974979083 0 1;
0.07320981818194637 0.04699071835834352 0.11473471703179824 0.8498428705193658 0 1;
0.06246825137473087 0.0 0.04574980432718149 0.38629892266392696 1 0;
0.4159945035440367 0.7467550036922584 0.6656991360783286 0.14821685114245928 1 0;
0.06866939021840936 0.14260497096810193 0.1563691724473122 0.4909416938931788 0 1;
0.4445237609267267 0.706578782675352 0.07459203490810956 0.0858801982352045 1 0;
0.3051417879063163 0.5806118640160544 0.3537707439980677 0.3839795976066866 0 1;
0.39147337239934477 0.2717910724704317 0.34789650123759286 0.3936258813674817 0 1;
0.2814173467614376 0.33670803108362507 0.0 0.11553209821287382 0 1;
0.554798347538034 0.5890489969090309 0.660517874052911 0.10638178582279013 1 0;
0.2838673447697126 0.5422868919918242 0.3105541587304587 0.49779424519866167 0 1;
0.21828495204172965 0.004094690336368342 0.22110921429166824 0.4444545608760532 0 1;
0.6784263045886877 0.6440914969687901 0.578138112338921 0.11326596428814452 1 0;
0.3138983275502805 0.6227237684346154 0.6680593180758225 0.14393568377440444 0 1;
0.26968555773764014 0.7654237426704745 0.6256970278539211 0.13622776155421615 0 1;
0.7151656991818417 0.5315797354739843 0.7574082420916067 0.04180870935310959 1 0;
0.20514661739879303 0.637278513623652 0.34818648291507176 0.4535833092934972 1 0;
0.4950324968440853 0.7290718180740121 0.07550154035482484 0.049663266587247366 1 0;
0.43941225429075736 0.7971885496343452 0.37279459692311584 0.47701136756797685 0 1;
0.7036313200695025 0.4561550602400202 0.5612884485097827 0.17769480174083555 1 0;
0.17639879904270292 0.27164695166889996 0.18523675241991394 0.9678361368095096 0 1;
0.13498501976037963 0.8330411466052986 0.1789960010470451 1.0 0 1;
0.2568151365459681 0.6966431819636921 0.3396214611829135 0.32441175878636047 0 1;
0.025802885498373646 0.5806118640160544 0.3537707439980677 0.7219253848210717 0 1;
0.37828568527854367 0.7346823389740468 0.37884196316405006 0.3790342598813311 1 0;
0.05220187842581105 0.0008354056885557616 0.1072046034188014 0.4576181681740682 0 1;
0.5446634636908533 0.603546967236858 0.6491874641381724 0.128393330694542 1 0;
0.19318569187062465 0.7967416295730294 0.22689156416510517 0.9069873980143894 0 1;
0.2943899980858289 0.5419069371514224 0.15112722551455451 0.6029593437651847 0 1;
0.1982337453207682 0.7171258049692677 0.0741676246384219 0.23602726452860676 1 0;
0.2772153357889717 0.6942105975257166 0.9070272652199596 0.07657893803664341 0 1;
0.38935474102816015 0.4097408833184306 0.3537707439980677 0.7185086931561702 0 1;
0.23022120133096582 0.24069009465301056 0.18954384451428266 0.7490911983530875 0 1;
0.32677932427292344 0.7062701603528799 0.33957921219679066 0.5565153386933382 0 1;
0.01907367514154464 0.7492865801959325 0.6067618004370868 0.2677052195356175 0 1;
0.32260551471638016 0.8147945796719734 0.07575637855748345 0.5727889500453802 1 0;
0.265786711986342 0.6364822098010472 0.45402403396949076 0.25456940580233794 0 1;
0.25001507013163365 0.28225074882402523 0.20513525672034702 0.9696714704808382 1 0;
0.24856974756560088 0.7555958686185457 0.5891612569000396 0.1498902154192947 0 1;
0.14015997958217488 0.6433490564760507 0.2413138317006453 0.30593670542750817 0 1;
0.30040395003132125 0.5750066812365517 0.6383640420569069 0.12807945509278737 1 0;
0.27806490344363965 0.505713691013212 0.3376338384266839 0.5279023429975073 1 0;
0.2757065600371131 0.6591426582519916 0.05734215795588113 0.23864752680401802 1 0;
0.7247471302415416 0.9340363458686113 0.6126651360435117 0.09579100006037912 1 0;
