0.167599 0.454977 0.014783 0.0529582 1 0;
0.146128 0.495925 0.0325197 0.0786016 1 0;
0.245354 0.54083 0.332005 0.049825 1 0;
0.134336 0.501318 0.346928 0.0481078 1 0;
0.258378 0.460634 0.282828 0.0812713 1 0;
0.287682 0.649598 0.319896 0.0485044 1 0;
0.145872 0.418315 0.0389958 0.0786065 1 0;
0.160301 0.460767 0.0307268 0.0783159 1 0;
0.284964 0.373141 0.395267 0.0372393 1 0;
0.236597 0.422577 0.338914 0.0553079 1 0;
0.253654 0.545678 0.264311 0.0629785 1 0;
0.150715 0.304144 0.18508385069892472 0.0793758 1 0;
0.281692 0.32133 0.293143 0.0655962 1 0;
0.161768 0.464731 0.18508385069892472 0.0784354 1 0;
0.125601 0.395727 0.325355 0.0581437 1 0;
0.239472 0.412618 0.344814 0.0507145 1 0;
0.1894 0.512657 0.198139 0.107612 1 0;
0.132023 0.0240945 0.0302749 0.0808309 1 0;
0.142574 0.423373 0.287726 0.0480534 1 0;
0.138324 0.500597 0.0394882 0.0777691 1 0;
0.300809 0.451452 0.443318 0.0355093 1 0;
0.222518 -1.0 0.0401828 0.0388784 1 0;
0.264101 0.419854 0.166603 0.127129 1 0;
0.162039 -1.0 0.0427535 0.0285146 1 0;
0.131187 -1.0 0.00958697 0.123478 1 0;
0.173183 0.513685 0.210276 0.0926438 1 0;
0.129156 0.31575 0.128597 0.185518 1 0;
0.142945 0.149032 0.0370974 0.04799 1 0;
0.210882 0.542855 0.381051 0.0462688 1 0;
0.149342 0.46183 0.0410907 0.0715749 1 0;
0.136892 0.555287 0.119015 0.217786 0 1;
0.0820903 0.370688 0.253097 0.0997514 0 1;
0.13213 0.194587 0.0973244 0.230484 0 1;
0.139034 0.69491 0.182349 0.106138 0 1;
0.144012 0.010799 0.116004 0.121264 0 1;
0.174789 0.49314 0.177694 0.144649 0 1;
0.162171 0.390496 0.248336 0.0649484 0 1;
0.131666 -1.0 0.100645 0.139303 0 1;
0.193141 0.194686 0.182025 0.110657 0 1;
0.144032 0.097006 0.127981 0.0991006 0 1;
0.20674 0.555594 0.19499 0.128058 0 1;
0.168651 -1.0 0.18508385069892472 0.108644 0 1;
0.157487 0.445201 0.237288 0.0816385 0 1;
0.154942 0.486527 0.177716 0.0962133 0 1;
0.146918 0.119979 0.0910447 0.173129 0 1;
0.135643 0.548526 0.141915 0.182316 0 1;
0.160729 0.484856 0.473177 0.0444952 0 1;
0.172517 0.592704 0.208549 0.122753 0 1;
0.19254 0.289447 0.18508385069892472 0.178454 0 1;
0.155979 0.560872 0.157212 0.115242 0 1;
0.0972769 0.575066 0.312343 0.0853427 0 1;
0.12185 0.449918 0.126525 0.0923579 0 1;
0.152603 0.527023 0.307657 0.0597939 0 1;
0.162616 0.380496 0.16258 0.132395 0 1;
0.102858 0.0402653 0.0606124 0.205861 0 1;
0.133052 0.50089 0.238848 0.104941 0 1;
0.120382 0.580222 0.0940747 0.237196 0 1;
0.161921 0.239279 0.000867445 0.052624 0 1;
0.0968986 0.00856012 0.0566913 0.124011 0 1;
0.158593 0.533774 0.326682 0.0569428 0 1;
