0.013436; 	
1.000988;	
1.988435;		
2.794671;	
3.813923;	
4.709615;	
5.614905;	
6.724679;	
7.612955;	
8.518239;	
9.395853;	
10.205264;	
11.014697;	
11.811364;	
12.504720;	
13.314108;	
14.090541;	
15.213058;	
15.996967;	
17.219647;	
18.210111;	
18.910927;	
19.810904;	
20.606472;	
21.511776;	
22.295631;	
23.217959;	
24.021009;	
24.796360;	
25.603662;	
26.396047;	
27.305681;	
28.002522;	
28.898293;	
29.704964;	
30.703050;	
31.694424;	
32.703066;	
33.780759;	
34.906562;	
35.714161;	
36.801732;	
37.894227;	
39.006420;	
40.327055;	
41.607715;	
43.114178;	
44.303743;	
45.102119;	
46.220110;
