0.037927 5681.02 0.25292 0.322062 12476.9 1.16854 3.42186
0.0419466 5889.48 0.452119 0.298158 12489.7 1.27043 3.49621
0.0470146 4375.75 0.633425 0.28295 7045.84 1.92162 6.71976
0.0384613 3480.31 0.536078 0.189792 4804.86 2.73771 12.0898
0.0608401 4716.51 0.470854 0.221947 5814.92 2.35582 8.11597
0.0511887 4013.67 0.659207 0.18657 4792.68 2.84461 11.5094
0.0248471 2652.82 0.0233673 0.0901708 2781.89 4.26624 25.2399
0.0390985 5179.62 0.232131 0.339929 9185.98 1.54434 4.76128
0.0437171 5219.32 0.515902 0.344166 9895.23 1.59015 4.90396
0.0397208 5340.72 0.36474 0.369766 11088.1 1.3498 4.05551
0.0467506 4779.2 0.549574 0.321987 9417.81 1.46909 4.54953
0.0438639 3639.87 0.474125 0.192996 4827.78 2.67916 10.9809
0.0428493 3333.47 0.466018 0.167636 4365.48 2.96546 13.204
0.0454807 4706.13 0.575857 0.34387 8432.11 1.61782 5.18107
0.0452261 4664.64 0.500011 0.365077 8916.66 1.61986 5.1995
0.0538584 4739.36 0.37448 0.361404 9122.26 1.48771 4.69985
0.0212035 3999.18 0.0566955 0.22513 5897.6 2.32095 8.59696
0.0569038 4908.39 0.268958 0.37705 10262.9 1.2783 3.99667
0.0244024 2401.84 0.233192 0.0848895 2521.76 4.41931 27.5753
0.0368661 4689.13 0.643954 0.336401 9199.06 1.52228 4.80642
0.069253 3185.16 0.453897 0.115854 2899.44 4.06023 21.1006
0.0392121 4785.23 0.429406 0.311018 8264.75 1.83353 5.84903
0.0488867 3926.39 0.477413 0.205919 4826.88 2.79262 11.1788
0.0383076 2924.44 0.244765 0.10149 2101.76 4.3726 24.5013
0.0494138 4641.02 0.411944 0.282707 6381.56 2.04781 6.80385
0.0327045 3784.89 0.424263 0.157984 3578.49 3.23066 13.6652
0.051284 4193.88 0.534451 0.23437 5392.59 2.35763 8.63766
0.0377908 4175.81 0.494428 0.236438 5413.86 2.30863 7.90574
0.0418386 5293.51 0.425494 0.363102 10905.7 1.52013 4.51692
0.0435258 4807.24 0.409007 0.322076 7354.43 1.82527 5.89807
0.0310513 3888.64 0.471943 0.198546 4935.53 2.6093 9.87647
0.0566662 3620.54 -1 0.0324 8243.3 1.18118 3.66089
0.0436016 3448.16 -1 0.0350355 7207.61 1.36984 4.21466
0.0591962 3666.39 -1 0.0346321 8968.67 1.14245 3.43716
0.016463 2262.74 0.671783 0.0517729 4128.42 2.18604 10.0372
0.0229213 2352.37 0.790976 0.0547085 4143.77 2.11141 9.18216
0.0231322 2405.06 0.33459 0.0478392 4556.38 1.87912 7.40529
0.0267621 2378.66 0.103204 0.0476169 4700.46 1.82516 7.44843
0.0229286 2409.4 0.0969835 0.0488586 4719.5 1.82698 7.32462
0.0414415 2376.31 0.157369 0 4174.41 1.92449 7.43381
0.0175419 2566.79 0.567691 0.0571223 5231.41 1.8848 7.03227
0.0222819 2610.26 0.69815 0.0548492 6201.64 1.71699 6.16527
0.0241575 2703.6 0.464522 0.0626442 6156.95 1.65826 5.93588
0.0214016 2667.34 0.758544 0.0536417 6099.83 1.69259 5.96791
0.0185047 2792.01 0.217353 0.0543315 6143.36 1.64311 5.4558
0.015013 3920.5 0.2143 0.203847 6994.06 1.84904 6.17083
0.0194353 1510.92 0.148166 0.0112269 2571.42 2.92114 15.8392
0.0567331 2038.99 0.366476 0.0112368 4004.58 1.73517 6.73777
0.0212473 2145.36 0.509615 0.0487087 3903.73 2.45651 11.8159
0.0148614 2770.65 0.271746 0.117087 4762.75 2.41334 11.253
