0.019933 -0.171124 0.0207718 -0.197516 -0.140573 0.178861 0.0931952 -0.00276687 -0.0145725 -0.059831 -0.114486 -0.0658234 -0.084834 -0.0226102 0.037884 0.044267 0.000688653;
-0.0112095 -0.207979 0.00350573 -0.133631 -0.187163 0.00856227 0.0175067 -0.0285183 0.0471706 0.0887703 0.014989 0.0649426 -0.105803 -0.125335 0.0042477 0.0908842 0.0786205;
0.145604 -0.235448 -0.0256128 -0.0953239 -0.208549 0.0227458 0.163395 -0.0234995 -0.130065 -0.00360886 0.0224758 -0.0197845 -0.0231976 0.0324884 0.00227526 -0.015964 0.0256929;
0.320279 -0.0823192 -0.110955 -0.22477 -0.290001 -0.0607415 0.10014 0.0275201 -0.0465856 0.00249905 -0.0246252 -0.0281174 -0.00187525 0.00945587 -0.0168062 -0.0414934 -0.0287601;
0.211358 -0.0796513 -0.0184599 -0.140708 -0.204136 0.0512855 0.0256337 -0.0878888 -0.10432 -0.0608638 -0.0656257 -0.0116779 0.0201428 0.0376042 0.0192863 0.0317745 0.0550412;
0.272554 0.00294433 0.0559146 -0.145816 -0.256798 -0.0811687 -0.0754673 -0.108151 -0.10513 -0.0413417 -0.0259772 0.0243404 0.0415024 0.0792382 0.0770899 0.0759582 0.0877656;
0.439822 0.0395044 -0.00511127 -0.116379 -0.210701 -0.107627 -0.0656237 -0.0712183 -0.0838805 -0.0855594 -0.0810735 -0.0328488 -0.00911534 -0.0135355 -0.0297993 -0.00698785 0.0384269;
0.00188762 -0.303911 0.0471867 0.00255533 -0.0829557 0.0235701 0.054605 -0.00534106 -0.0778747 -0.0666605 -0.0675624 0.0777725 0.112069 -0.0233216 -0.125933 -0.0307914 0.130044;
-0.0768747 -0.195679 0.151558 -0.0668837 -0.104172 0.11913 0.0153902 -0.0747568 -0.0531055 -0.0675532 -0.050721 0.02234 -0.13056 -0.067598 0.035589 0.0498734 0.0369433;
-0.124392 -0.220034 0.125014 0.0232776 -0.130083 0.039516 0.0705974 -0.0119691 -0.0877274 -0.000190295 -0.0356554 -0.0122286 -0.0588376 -0.0291897 0.008604 0.0704862 0.0327724;
0.303242 -0.0671568 -0.152514 -0.208043 -0.120375 -0.0524972 -0.0117141 -0.0254214 -0.0746996 -0.0121246 0.00102647 0.0206686 0.00746842 -0.0101923 -0.0553559 -0.131641 -0.0985461;
0.498367 0.15942 0.0800553 -0.0639979 -0.186165 -0.177318 -0.14252 -0.177604 -0.209214 -0.165953 -0.0963616 -0.065971 -0.0299875 -0.0184391 0.00625655 0.0238257 -0.00510128;
0.504945 0.132858 0.0846789 -0.00701188 -0.136568 -0.132277 -0.126407 -0.212833 -0.270829 -0.221524 -0.167053 -0.125457 -0.102782 -0.0761579 -0.041217 -0.0261128 -0.0306789;
0.364034 0.00927131 0.00241554 -0.133214 -0.24646 -0.220507 -0.134371 -0.104873 -0.103697 0.00118695 0.0194861 -0.00437633 -0.0179381 -0.0126078 0.0388956 0.0621284 0.00930344;
0.255542 0.0805316 0.0930737 -0.106228 -0.104142 -0.0990483 -0.0804258 -0.0757112 -0.149806 -0.0862163 -0.0741359 -0.0464125 -0.00948971 -0.0242145 -0.0126828 0.0076762 -0.0324228;
0.213246 0.0657957 0.0889756 -0.0244844 0.00444447 -0.0455749 -0.0441862 -0.0781851 -0.120286 -0.0142277 -0.00104357 -0.0129463 -0.0461741 -0.0754213 -0.0407725 -0.0186687 -0.0201033;
0.463397 0.138584 0.0499301 -0.145052 -0.262004 -0.213713 -0.171893 -0.167453 -0.141076 -0.0535705 0.00228559 0.0341541 0.0515459 0.0406922 0.0318053 0.0188229 -0.00455927;
0.0276914 -0.158686 -0.00908988 -0.182291 -0.166623 -0.117261 0.0113099 0.0209513 -0.026117 0.135956 0.115485 0.0428284 -0.0217568 -0.141146 -0.0548111 -0.0293892 -0.0455657;
0.641757 0.282735 0.160162 0.0620995 -0.0872247 -0.149786 -0.181293 -0.250513 -0.288931 -0.250913 -0.212269 -0.209221 -0.22751 -0.215817 -0.167819 -0.111574 -0.0588118;
0.155197 -0.0993437 -0.0732128 -0.191934 -0.156 -0.11145 -0.0117226 0.0410382 -0.0334003 0.0524953 0.0938077 0.0687263 -0.0704276 -0.130164 -0.0610967 -0.0836943 -0.0669723;
0.649309 0.321269 0.200199 0.158364 0.0594887 0.0123899 -0.0575815 -0.170578 -0.206863 -0.195736 -0.14621 -0.13738 -0.155725 -0.153991 -0.122677 -0.103205 -0.0682357;
0.0618258 0.0330895 0.0611535 0.0585669 -0.0385022 -0.0336314 0.122964 -0.0934077 -0.0321639 -0.110164 -0.0297554 0.000805489 -0.0502454 0.00886687 -0.0334124 -0.00373909 -0.0662565;
0.365196 0.162866 0.176082 0.13646 0.0637264 0.0697321 0.103951 -0.0505698 -0.021664 -0.00664747 -0.0422727 -0.033564 -0.0951668 -0.0482405 -0.0312905 -0.00433889 -0.0213515;
0.65163 0.370522 0.159057 0.0214174 -0.0899934 -0.128509 -0.141417 -0.177502 -0.1554 -0.126077 -0.0693989 -0.0192679 -0.00619921 0.00400284 0.00880432 -0.00350637 -0.0187208;
0.570978 0.300607 0.214181 0.0937887 -0.0464744 -0.0685081 -0.0587045 -0.145111 -0.14499 -0.141659 -0.135804 -0.102637 -0.0993417 -0.0537983 -0.0223184 -0.00629766 -0.0238769;
0.397088 0.0893708 0.0619174 0.0282788 -0.0186493 0.0175297 0.0846388 -0.064975 -0.061801 -0.0290423 -0.0599044 -0.0882893 -0.10567 -0.0557571 -0.0539698 -0.0553901 -0.027094;
0.249347 0.0616174 0.0541393 -0.0103822 -0.0545856 0.0846001 0.134836 -0.0397525 -0.0823223 -0.19518 -0.0871993 0.105157 0.0566141 0.0355792 -0.0963577 -0.171284 -0.172141;
0.140406 -0.0304603 0.0940641 0.0543315 -0.0528238 0.109441 0.221356 -0.119419 -0.10311 -0.179655 -0.120597 0.0174602 0.0619617 0.0660346 -0.0779969 -0.112209 -0.130864;
0.405325 0.110959 0.0660862 -0.0593226 -0.183104 -0.145766 -0.122227 -0.168817 -0.11062 -0.0972643 -0.043263 0.00602846 -0.0491212 -0.0885002 -0.127822 -0.139338 -0.125541;
0.326615 0.0773638 -0.0263846 -0.0965019 -0.15264 -0.0842468 0.039645 -0.0619697 0.00317228 -0.0211369 0.0644343 0.103646 0.0237386 -0.00152352 -0.139527 -0.178195 -0.167908;
0.686091 0.486547 0.31436 0.194773 0.145823 0.106415 0.0608663 -0.0116225 -0.0584377 -0.06185 -0.0398395 -0.0241077 -0.00213214 0.0192297 0.0192443 0.0173689 0.00159276;
-0.173503 -0.266086 0.000938045 -0.125094 0.0731964 0.046456 -0.047391 -0.0793461 0.102809 0.0130364 0.0024521 0.0152776 0.0445966 0.00523423 -0.00557173 -0.103981 -0.0735253;
0.0804006 -0.289894 -0.0857466 0.0149777 0.0208939 -0.129367 -0.0625534 0.0311999 0.109242 0.0382681 0.0263479 -0.0146835 -0.0253497 0.0132749 -0.0207437 -0.106214 -0.0363631;
0.0395004 -0.253826 -0.0703938 0.0160309 0.000675232 -0.114529 -0.0407665 -0.0449002 0.0564692 -0.00837913 -0.00811811 -0.0858094 0.0107974 0.0582804 0.0240935 -0.057947 -0.0566599;
0.261505 -0.352705 -0.161609 -0.0120851 -0.0668902 -0.164249 -0.0793906 -0.0154553 0.00590302 0.00865098 0.0202693 -0.0477916 -0.0466968 0.107754 0.120379 0.0283943 0.000918496;
0.327164 -0.264519 -0.153369 -0.0778929 -0.131456 -0.210748 -0.116912 -0.0586883 -0.0293169 0.0505051 0.0632138 -0.00721962 0.000254605 0.103003 0.0999369 0.0595549 0.0603856;
0.262869 -0.363881 -0.175663 0.00034572 -0.0678497 -0.211105 -0.087435 0.00340014 0.0315512 0.0676367 0.0410836 -0.0503756 -0.052947 0.0806793 0.0993359 0.027305 0.000644397;
0.286325 -0.312906 -0.134027 -0.0360378 -0.107903 -0.172124 -0.0872792 -0.0520702 -0.0318465 0.0315736 0.0309487 -0.0320318 0.021537 0.126105 0.0743675 0.00470962 0.0142754;
0.281642 -0.285426 -0.122612 -0.0574629 -0.12526 -0.198199 -0.0830965 -0.0363754 -0.0442667 -0.000486603 0.0525117 0.0305993 0.0185497 0.0967711 0.0863893 0.0239207 0.0259171;
0.257234 -0.356351 -0.156075 -0.00165754 -0.067199 -0.158445 -0.0533408 -0.0204181 -0.0163167 0.0184519 0.0459979 -0.0320235 -0.050247 0.0668497 0.0750875 0.0447013 0.0303483;
0.188508 -0.45315 -0.23489 -0.0903748 -0.105105 -0.0434893 0.141789 0.183226 0.191433 0.0757368 -0.145421 -0.384181 -0.24128 0.194504 0.25005 0.100503 0.0820191;
0.0758567 -0.640874 -0.22132 0.184605 0.248282 0.0229238 -0.202532 -0.190929 0.187371 0.346814 -0.0210029 -0.430271 -0.205414 0.321341 0.248939 -0.129648 -0.163908;
0.255545 -0.482932 -0.384239 -0.0853906 0.0286786 -0.0193672 0.0616265 0.15264 0.243296 0.167934 -0.18223 -0.474771 -0.254088 0.235082 0.332539 0.0801255 -0.0281402;
-0.039602 -0.577288 -0.0699753 0.154868 0.258002 0.0469802 -0.226375 -0.288794 0.125372 0.367246 0.0390585 -0.393145 -0.168306 0.357092 0.142254 -0.228967 -0.0720653;
0.197105 -0.485198 -0.282014 -0.0660976 0.0273653 -0.0158959 0.0198379 0.136508 0.199876 0.079065 -0.135195 -0.296491 -0.211532 0.112608 0.249731 0.114447 0.0124141;
0.0592901 -0.206623 -0.0504574 -0.0525417 -0.0823608 -0.0594535 0.0121188 -0.102842 -0.0439078 0.0485338 -0.000899612 -0.0342387 0.006442 -0.00260081 0.00684217 -0.0276947 0.0339208;
0.583932 0.0503796 -0.0106705 -0.00666203 -0.171527 -0.256114 -0.171958 -0.137269 -0.144777 -0.0881137 -0.0182763 -0.00649397 -0.015367 0.0153616 0.0539494 0.0602152 0.02557;
0.196199 -0.340743 -0.0105286 0.0268588 -0.115812 -0.153524 -0.031436 -0.0896069 -0.0949214 0.0421032 0.0674085 -0.04853 0.0189956 0.147989 0.0360326 0.0219579 0.0188924;
0.371305 -0.279947 -0.179142 0.0238001 -0.0156022 -0.0897514 -0.0521357 -0.0833733 -0.141706 -0.0780368 0.00857199 -0.0102287 -0.0276835 0.0330244 0.0607361 -0.016435 -0.0628622;
0.257398 -0.39151 -0.1942 -0.00655696 -0.0256528 -0.0272792 -0.0318139 -0.037587 -0.0252658 -0.0205954 -0.0267827 0.0267015 0.0565756 -0.013155 -0.063719 0.013172 0.0655868;
