0.210882 5265.93 0.542855 0.381051 10056 4.62688;
0.284964 5878.83 0.373141 0.395267 12327.8 3.72393;
0.27034 4678.63 0.508803 0.322425 7235.16 6.78888;
0.258378 4601.92 0.460634 0.282828 5867.8 8.12713;
0.245354 5617.34 0.54083 0.332005 9087.01 4.9825;
0.236597 5586.45 0.422577 0.338914 8408.72 5.53079;
0.184399 3738.36 0.532212 0.202373 4791.14 12.1129;
0.200097 4701.65 0.52095 0.347512 8753.25 5.94447;
0.350895 5422.36 0.571863 0.436709 10852.7 4.35734;
0.333709 5809.12 0.363868 0.52159 13329.1 3.50228;
0.193366 4051.73 0.465735 0.243038 6589.16 7.68636;
0.140285 3478.69 0.445748 0.182176 4457.37 12.3169;
0.16097 3568.82 0.355373 0.176681 4295.87 13.8678;
0.173183 3891.5 0.513685 0.210276 5340.23 9.26438;
0.125601 4537.99 0.395727 0.325355 7967.29 5.81437;
0.239472 4751.49 0.412618 0.344814 9033.18 5.07145;
0.1894 3653.26 0.512657 0.198139 4791.14 10.7612;
0.134336 4672.66 0.501318 0.346928 9205.44 4.81078;
0.153013 2758.62 0.201871 0.107686 2982.35 23.0867;
0.167307 4571.77 0.402972 0.333278 8688.65 5.52424;
0.129156 3442.76 0.31575 0.128597 2993.12 18.5518;
0.300809 5480.21 0.451452 0.443318 11649.5 3.55093;
0.281692 4713.57 0.32133 0.293143 6933.69 6.55962;
0.24103 3584.96 0.29205 0.155393 2885.45 15.4732;
0.264101 3709.94 0.419854 0.166603 4112.84 12.7129;
0.232919 4278.02 0.527718 0.247944 5555.57 8.41048;
0.274542 5108.97 0.450428 0.301917 10206.7 5.21511;
0.287682 4914.68 0.649598 0.319896 10605.1 4.85044;
0.163632 4305 0.517735 0.25007 5587.87 8.56128;
0.253654 4717.66 0.545678 0.264311 7332.06 6.29785;
0.19485 3502.41 0.261827 0.148009 2045.65 15.2475;
0.162039 3924.91 -1 0.0427535 9636.11 2.85146;
0.20819 3535.25 0.493352 0.0397092 7170.56 4.64362;
0.222518 3799.28 -1 0.0401828 8354.88 3.88784;
0.150715 2358.63 0.304144 0 4198.97 7.93759;
0.146128 2276.17 0.495925 0.0325197 4123.61 7.86016;
0.145872 2322.99 0.418315 0.0389958 4155.91 7.86065;
0.161768 2303.07 0.464731 0 4166.67 7.84354;
0.149342 2440.11 0.46183 0.0410907 4392.77 7.15749;
0.138324 2362.24 0.500597 0.0394882 4198.97 7.77691;
0.160301 2452.02 0.460767 0.0307268 4274.34 7.83159;
0.132023 2268.83 0.0240945 0.0302749 5254.1 8.08309;
0.0998109 2183.93 0.00798626 0.0246904 4231.27 10.9128;
0.142945 2701.1 0.149032 0.0370974 6352.29 4.799;
0.141512 2286.8 0.0498637 0.0354311 4877.27 7.80479;
0.142574 4141.95 0.423373 0.287726 8914.75 4.80534;
0.131187 1490.48 -1 0.00958697 3036.18 12.3478;
0.167599 2471.05 0.454977 0.014783 4844.97 5.29582;
0.173605 2067.92 0.567688 0.0403155 3574.51 14.8045;
0.129003 2604.04 -1 0.110973 4392.77 15.569;
