0.210882 5265.93 0.542855 0.381051 10056 4.62688 0;
0.284964 5878.83 0.373141 0.395267 12327.8 3.72393 0;
0.27034 4678.63 0.508803 0.322425 7235.16 6.78888 0;
0.258378 4601.92 0.460634 0.282828 5867.8 8.12713 0;
0.245354 5617.34 0.54083 0.332005 9087.01 4.9825 0;
0.236597 5586.45 0.422577 0.338914 8408.72 5.53079 0;
0.184399 3738.36 0.532212 0.202373 4791.14 12.1129 0;
0.200097 4701.65 0.52095 0.347512 8753.25 5.94447 0;
0.350895 5422.36 0.571863 0.436709 10852.7 4.35734 0;
0.333709 5809.12 0.363868 0.52159 13329.1 3.50228 0;
0.193366 4051.73 0.465735 0.243038 6589.16 7.68636 0;
0.140285 3478.69 0.445748 0.182176 4457.37 12.3169 0;
0.16097 3568.82 0.355373 0.176681 4295.87 13.8678 0;
0.173183 3891.5 0.513685 0.210276 5340.23 9.26438 0;
0.125601 4537.99 0.395727 0.325355 7967.29 5.81437 0;
0.239472 4751.49 0.412618 0.344814 9033.18 5.07145 0;
0.1894 3653.26 0.512657 0.198139 4791.14 10.7612 0;
0.134336 4672.66 0.501318 0.346928 9205.44 4.81078 0; 
0.153013 2758.62 0.201871 0.107686 2982.35 23.0867 0;
0.167307 4571.77 0.402972 0.333278 8688.65 5.52424 0;
0.129156 3442.76 0.31575 0.128597 2993.12 18.5518 0;
0.300809 5480.21 0.451452 0.443318 11649.5 3.55093 0;
0.281692 4713.57 0.32133 0.293143 6933.69 6.55962 0;
0.24103 3584.96 0.29205 0.155393 2885.45 15.4732 0;
0.264101 3709.94 0.419854 0.166603 4112.84 12.7129 0;
0.232919 4278.02 0.527718 0.247944 5555.57 8.41048 0;
0.274542 5108.97 0.450428 0.301917 10206.7 5.21511 0;
0.287682 4914.68 0.649598 0.319896 10605.1 4.85044 0;
0.163632 4305 0.517735 0.25007 5587.87 8.56128 0;
0.253654 4717.66 0.545678 0.264311 7332.06 6.29785 0;
0.19485 3502.41 0.261827 0.148009 2045.65 15.2475 0;
0.162039 3924.91 -1 0.0427535 9636.11 2.85146 0;
0.20819 3535.25 0.493352 0.0397092 7170.56 4.64362 0;
0.222518 3799.28 -1 0.0401828 8354.88 3.88784 0;
0.150715 2358.63 0.304144 0 4198.97 7.93759 0;
0.146128 2276.17 0.495925 0.0325197 4123.61 7.86016 0;
0.145872 2322.99 0.418315 0.0389958 4155.91 7.86065 0;
0.161768 2303.07 0.464731 0 4166.67 7.84354 0;
0.149342 2440.11 0.46183 0.0410907 4392.77 7.15749 0;
0.138324 2362.24 0.500597 0.0394882 4198.97 7.77691 0;
0.160301 2452.02 0.460767 0.0307268 4274.34 7.83159 0;
0.132023 2268.83 0.0240945 0.0302749 5254.1 8.08309 0;
0.0998109 2183.93 0.00798626 0.0246904 4231.27 10.9128 0;
0.142945 2701.1 0.149032 0.0370974 6352.29 4.799 0;
0.141512 2286.8 0.0498637 0.0354311 4877.27 7.80479 0;
0.142574 4141.95 0.423373 0.287726 8914.75 4.80534 0;
0.131187 1490.48 -1 0.00958697 3036.18 12.3478 0;
0.167599 2471.05 0.454977 0.014783 4844.97 5.29582 0;
0.173605 2067.92 0.567688 0.0403155 3574.51 14.8045 0;
0.129003 2604.04 -1 0.110973 4392.77 15.569 0;
0 3679.04 0.434565 0.195491 4791.14 11.3478 1;
0.135643 3092.5 0.548526 0.141915 3768.31 18.2316 1;
0.0820903 3669.56 0.370688 0.253097 5695.53 9.97514 1;
0.172517 3800.54 0.592704 0.208549 4242.04 12.2753 1;
0.158593 4540.67 0.533774 0.326682 7913.45 5.69428 1;
0.168671 3455.02 0.575425 0.19803 5221.8 10.3789 1;
0.193141 3668.68 0.194686 0.182025 4618.87 11.0657 1;
0.147398 2640.91 0.173322 0.0995672 3746.78 18.4836 1;
0.087501 4449.84 0.522689 0.316822 5813.96 8.43797 1;
0.133052 4197 0.50089 0.238848 4102.08 10.4941 1;
0.20674 3631.62 0.555594 0.19499 4166.67 12.8058 1;
0.120382 2554.81 0.580222 0.0940747 3057.71 23.7196 1;
0.0972769 4448.78 0.575066 0.312343 5340.23 8.53427 1;
0.0930443 3774.79 0.454884 0.211854 6287.7 7.15157 1;
0.162616 3552.24 0.380496 0.16258 4694.24 13.2395 1;
0.171135 5051.56 0.43575 0.348741 7902.69 5.85513 1;
0.154942 3729.64 0.486527 0.177716 5157.2 9.62133 1;
0.192392 3498.19 0.57206 0.184675 5049.54 12.0879 1;
0.157487 4225.57 0.445201 0.237288 5932.4 8.16385 1;
0.139034 3852.85 0.69491 0.182349 4909.57 10.6138 1;
0.108675 3193.58 0.384855 0.134674 1744.19 20.3974 1;
0.174789 3701.78 0.49314 0.177694 2508.62 14.4649 1;
0.136892 2870.64 0.555287 0.119015 1970.29 21.7786 1;
0.155979 3470.62 0.560872 0.157212 3671.41 11.5242 1;
0.152603 4770.89 0.527023 0.307657 8064.18 5.97939 1;
0.13213 2758.56 0.194587 0.0973244 1475.02 23.0484 1;
0.159358 4882.56 0.29649 0.224317 5781.67 7.9566 1;
0.144401 2647.28 0.549385 0.109568 3542.21 18.9774 1;
0.160729 5144.47 0.484856 0.473177 10615.9 4.44952 1;
0.102858 2239.51 0.0402653 0.0606124 3445.31 20.5861 1;
0.165601 2349.7 0.380235 0.0795628 4005.18 15.4341 1;
0.131666 2549.24 -1 0.100645 4672.71 13.9303 1;
0.111171 2453.95 -1 0.0805413 3208.45 20.1795 1;
0.144032 3104.93 0.097006 0.127981 6190.8 9.91006 1;
0.121422 2425.55 0.0160011 0.0787485 3886.74 17.9784 1;
0.144012 2946.51 0.010799 0.116004 4758.84 12.1264 1;
0.146918 2488.52 0.119979 0.0910447 4155.91 17.3129 1;
0.12185 3081.54 0.449918 0.126525 6180.03 9.23579 1;
0.161921 1518.49 0.239279 0.000867445 2874.68 5.2624 1;
0.177043 2248.06 0.331284 0.0733138 3488.38 16.9104 1;
0.19254 2031.43 0.289447 0 3552.98 17.8454 1;
0.162171 4377.68 0.390496 0.248336 7030.59 6.49484 1;
0.15999 2557.61 -1 0 4242.04 14.0323 1;
0.0894099 2845.21 -1 0 3886.74 17.9167 1;
0.365764 3953.87 -1 0 6395.36 7.67509 1;
0.0968986 2645.7 0.00856012 0.0566913 5103.37 12.4011 1;
0.168651 2848.16 -1 0 4952.64 10.8644 1;
0.137066 2331.3 0.513223 0.0730462 3908.28 18.1941 1;
0.157216 2985.38 -1 0.10372 5469.43 9.95493 1;
0.10157 2884.18 0.105945 0.0822924 4274.34 13.0965 1;