0 2719.06 0.3314 0.114173 4146.01 3.30447 17.7066;
0.0069716 2603.06 0.827598 0.0953928 3755.49 3.83468 22.1883;
0.00392722 2850.69 0.531014 0.121865 4317.81 3.06761 15.6501;
0.00356991 3168 0.269137 0.144661 4262.97 3.10622 14.9632;
0.00841754 3837.82 0.367764 0.235446 6450.59 2.13314 7.8935;
0.0171132 3299.31 0.4197 0.17205 4595.86 2.94625 13.2042;
0.00937758 3472.81 0.717181 0.199283 5021.95 2.56402 10.7893;
0.00675171 2850.69 0.172553 0.115685 3525.59 3.79968 20.329;
0.00282336 2938.92 0.160463 0.131891 4245.61 3.21196 16.1107;
0.00287446 3176.19 0.807599 0.163297 4624.23 2.79612 12.6743;
0.0168611 2957.99 0.526993 0.115855 3545.51 3.68786 18.9489;
0.00852239 2784.59 0.699563 0.109973 3817.16 3.41759 17.7061;
0.00954627 2816.37 0.388859 0.113289 4010.19 3.3388 17.0198;
0.0108045 3173.34 0.161069 0.165253 4459.63 2.86569 13.1621;
0.0101678 3850.61 0.432911 0.209037 4840.76 2.84051 11.6889;
0.0158366 4011.74 0.745867 0.241617 5512.75 2.61315 10.256;
0.0175226 4941.06 0.252223 0.350697 9763.64 1.6195 5.13257;
0.0141559 5441.73 0.815391 0.378897 12105.4 1.38599 3.97174;
0.0262624 5318.68 0.503808 0.518058 12092.9 0.940048 3.06697;
0.0110484 3360.19 0.676426 0.157668 4192.46 3.06837 13.9853;
0.00370299 3359.18 0.495331 0.156549 3806.55 3.25941 14.7599;
0.0126384 4305.64 0.447937 0.253469 7489.15 2.02204 6.79576;
0.012465 3042.11 0.630121 0.125485 2487.53 3.49313 16.5531;
0.00909743 2675.35 0.298137 0.100262 1920.94 3.97508 21.1971;
0.00822935 3992.48 0.814531 0.221889 5975.7 2.42057 8.87431;
0.00587587 3157.59 0.773305 0.12402 2006.98 3.67718 17.3163;
0.008323 2204.38 0.411704 0.0692485 2230.19 4.80675 33.2836;
0.0067052 2756.9 0.218651 0.115285 4051.83 3.49551 19.1066;
0.00402828 4630.36 0.412395 0.27025 8251.14 1.82028 5.86844;
0.00731259 1815.43 -1 0.0473675 3651.11 2.93636 20.279;
0.00729842 2554.32 -1 0.0907602 4172.68 2.60887 13.8268;
0.0259929 2533.75 -1 0.0940581 4169.39 2.84499 14.6869;
0.0125343 2449.97 0.288451 0.0774319 3626.5 3.50151 19.8862;
0.00687908 2796.11 -1 0.0969794 5264.67 2.26527 10.5437;
0.0154203 2063.48 -1 0.0533061 3735.96 2.8132 17.1529;
0.00823986 2253.34 -1 0.0728663 3789.08 3.15212 18.5941;
0.0177808 2644.59 -1 0.0952722 4191.94 2.56862 12.2942;
0.00796232 2338.64 -1 0.084138 4477.82 2.35483 12.6789;
0.0175034 2247.68 -1 0.0112569 3781.97 2.3206 9.32117;
0.0102369 2035.34 0.35605 0.0423862 3488.74 2.87283 15.4068;
0.0107846 2101.86 0.2963 0 3840.82 2.65512 14.0449;
0.00911918 3971.02 0.0606981 0.192132 8708.94 1.49624 5.14084;
0.00685025 3131.81 -1 0.111189 4720.79 2.57359 11.5097;
0.00890534 3536.39 -1 0.150149 6244.74 2.13383 8.3747;
0.0100177 3489.87 -1 0.123496 7149.89 1.77587 6.66755;
0.00947947 3397.67 -1 0.133489 6343.56 2.03672 7.81283;
0.0209275 2909.08 -1 0.112983 5800.35 2.22797 9.32994;
0.0135303 2785.88 0.152686 0.109084 4704.57 2.47473 11.5374;
0.0123959 3254.6 -1 0.162565 6282.31 2.05373 8.05131;
0.00440265 3144.87 0.287137 0.113085 5568.16 2.25905 9.68521;
