0 3679.04 0.434565 0.195491 4791.14 2.81755 11.3478;
0.135643 3092.5 0.548526 0.141915 3768.31 3.61505 18.2316;
0.0820903 3669.56 0.370688 0.253097 5695.53 2.3966 9.97514;
0.172517 3800.54 0.592704 0.208549 4242.04 2.98493 12.2753;
0.158593 4540.67 0.533774 0.326682 7913.45 1.71549 5.69428;
0.168671 3455.02 0.575425 0.19803 5221.8 2.45672 10.3789;
0.193141 3668.68 0.194686 0.182025 4618.87 2.75778 11.0657;
0.147398 2640.91 0.173322 0.0995672 3746.78 3.43815 18.4836;
0.087501 4449.84 0.522689 0.316822 5813.96 2.4321 8.43797;
0.133052 4197 0.50089 0.238848 4102.08 2.80181 10.4941;
0.20674 3631.62 0.555594 0.19499 4166.67 3.02105 12.8058;
0.120382 2554.81 0.580222 0.0940747 3057.71 4.09345 23.7196;
0.0972769 4448.78 0.575066 0.312343 5340.23 2.44682 8.53427;
0.0930443 3774.79 0.454884 0.211854 6287.7 2.01409 7.15157;
0.162616 3552.24 0.380496 0.16258 4694.24 3.00359 13.2395;
0.171135 5051.56 0.43575 0.348741 7902.69 1.90585 5.85513;
0.154942 3729.64 0.486527 0.177716 5157.2 2.39944 9.62133;
0.192392 3498.19 0.57206 0.184675 5049.54 2.78908 12.0879;
0.157487 4225.57 0.445201 0.237288 5932.4 2.25738 8.16385;
0.139034 3852.85 0.69491 0.182349 4909.57 2.72126 10.6138;
0.108675 3193.58 0.384855 0.134674 1744.19 4.06162 20.3974;
0.174789 3701.78 0.49314 0.177694 2508.62 3.37986 14.4649;
0.136892 2870.64 0.555287 0.119015 1970.29 4.10572 21.7786;
0.155979 3470.62 0.560872 0.157212 3671.41 2.85934 11.5242;
0.152603 4770.89 0.527023 0.307657 8064.18 1.86523 5.97939;
0.13213 2758.56 0.194587 0.0973244 1475.02 4.26892 23.0484;
0.159358 4882.56 0.29649 0.224317 5781.67 2.42436 7.9566;
0.144401 2647.28 0.549385 0.109568 3542.21 3.55963 18.9774;
0.160729 5144.47 0.484856 0.473177 10615.9 1.4728 4.44952;
0.102858 2239.51 0.0402653 0.0606124 3445.31 3.47785 20.5861;
0.165601 2349.7 0.380235 0.0795628 4005.18 2.67161 15.4341;
0.131666 2549.24 -1 0.100645 4672.71 2.68294 13.9303;
0.111171 2453.95 -1 0.0805413 3208.45 3.51887 20.1795;
0.144032 3104.93 0.097006 0.127981 6190.8 2.28837 9.91006;
0.121422 2425.55 0.0160011 0.0787485 3886.74 3.11872 17.9784;
0.144012 2946.51 0.010799 0.116004 4758.84 2.6799 12.1264;
0.146918 2488.52 0.119979 0.0910447 4155.91 3.19229 17.3129;
0.12185 3081.54 0.449918 0.126525 6180.03 2.20682 9.23579;
0.161921 1518.49 0.239279 0.000867445 2874.68 1.50766 5.2624;
0.177043 2248.06 0.331284 0.0733138 3488.38 3.03936 16.9104;
0.19254 2031.43 0.289447 0 3552.98 3.08334 17.8454;
0.162171 4377.68 0.390496 0.248336 7030.59 2.03192 6.49484;
0.15999 2557.61 -1 0 4242.04 2.70726 14.0323;
0.0894099 2845.21 -1 0 3886.74 3.43308 17.9167;
0.365764 3953.87 -1 0 6395.36 2.04021 7.67509;
0.0968986 2645.7 0.00856012 0.0566913 5103.37 2.64094 12.4011;
0.168651 2848.16 -1 0 4952.64 2.363 10.8644;
0.137066 2331.3 0.513223 0.0730462 3908.28 3.27384 18.1941;
0.157216 2985.38 -1 0.10372 5469.43 2.30172 9.95493;
0.10157 2884.18 0.105945 0.0822924 4274.34 2.77049 13.0965;
