0.000000	3.240237;	
5.464877	7.375166;	
9.406360	11.896990;	
13.976545	17.216782;	
19.465603	21.980414;	
24.495225	25.522912;	
28.013542	29.851288;	
31.967115	33.841132;	
35.932778	39.910532;	
42.993593	46.173378;	
48.458471	49.365253;	
51.517351	53.197922;	
55.434653	57.006409;	
59.448678	61.673318;	
63.994682	65.348811;	
67.549270	68.552776;	
71.031316	71.853466;	
74.029744	75.045341;	
77.596423	78.176764;	
80.510218	81.791805;	
83.968083	86.627979;	
88.961434	90.376015;	
92.491841	93.942694;	
96.034339	98.077623;	
100.507801	102.647808;	
104.969172	107.157541;	
109.478905	111.485917;	
113.492930	115.596666;	
117.978482	122.667551;	
125.000283	127.696451;	
130.007472	131.745205;	
134.020366	134.759345;	
137.021091	138.113880;	
140.527951	143.430151;	
146.014313	147.109347;	
149.480816	151.567891;	
154.017737	155.128440;	
157.533525	159.083162;	
161.510386	162.439003;	
165.022654	166.066872;	
168.564282	170.113194;	
173.047532	174.655649;	
177.399974	179.921606;	
182.247315	184.227700;	
186.769947	188.861308;	
191.144275	192.895499;	
195.236368	195.998069;	
198.144117	199.147609;	
201.529440	202.611526;	
204.993364	208.306131;	
