0.497196 0.14758 -0.0519179 -0.236841 -0.237116 -0.109433 -0.0517588 -0.0987622 -0.088402 -0.105697 -0.0807155 -0.010425 0.0421627 0.0438163 0.00719575 -0.0205055 -0.0247899;
0.588377 0.225957 0.107265 -0.0277153 -0.0848085 0.0524308 0.116076 0.039473 -0.0305038 -0.0762842 -0.106055 -0.0700904 -0.0210409 -0.0134973 -0.0346508 -0.0698334 -0.0669546;
0.269591 -0.100774 0.157698 0.0445669 -0.181991 -0.0872887 -0.0304049 -0.0542185 -0.108553 -0.0859013 -0.0444661 -0.083832 -0.0800686 -0.0505746 -0.0786305 -0.0233657 0.0540411;
0.538436 0.226708 0.101689 -0.055608 -0.189957 -0.177569 -0.146524 -0.164732 -0.183208 -0.127635 -0.0975268 -0.088572 -0.0560052 -0.024499 -0.0115401 0.00920774 0.0212106;
0.115944 -0.110116 0.0780552 -0.111277 -0.21097 -0.06496 -0.0733102 -0.0926792 -0.0493027 0.0403221 0.00142705 -0.0455405 -0.0200126 0.0248818 0.0712956 0.0796664 -0.0134178;
0.295092 -0.126571 -0.00589287 -0.129006 -0.250987 -0.131305 -0.0450293 -0.0868963 -0.0871942 0.0016426 0.0145473 -0.0137658 0.00528146 -0.013928 -0.00996572 0.0139602 -0.00822764;
0.371742 -0.114117 -0.22724 -0.260933 -0.252061 -0.0722464 0.174719 0.248046 0.158675 -0.00936072 -0.245167 -0.336875 -0.22447 0.0150447 0.224786 0.288014 0.199043;
0.528205 0.0833998 -0.00601175 -0.139849 -0.244773 -0.177874 -0.124865 -0.165899 -0.107899 0.0143591 0.0539457 0.0377914 0.0194613 0.0167748 0.0510804 0.0573599 0.0251571;
0.396512 0.0103163 -0.17243 -0.209259 -0.205916 -0.143387 -0.0413909 0.0120928 -0.0262321 -0.0738425 -0.0581361 0.0219634 0.0705739 0.0436414 -0.00845594 -0.00613933 0.020541;
0.576759 0.336563 0.143891 0.0135065 -0.0736922 -0.0985658 -0.101339 -0.117828 -0.148828 -0.165819 -0.187756 -0.199477 -0.188982 -0.145886 -0.0898368 -0.0482282 -0.0186594;
0.508593 0.150984 0.0635551 -0.0120115 -0.111898 -0.0988746 -0.0626467 -0.0760187 -0.0850343 -0.0369083 0.0125287 0.068068 0.0739984 0.0194566 -0.0147541 0.00464083 0.0139608;
0.642271 0.274225 0.1149 -0.0669324 -0.245572 -0.291201 -0.247773 -0.223543 -0.179973 -0.083075 -0.0136928 -0.00291506 0.0112266 0.0450772 0.0688051 0.0620781 0.0347811;
0.398458 0.0237694 -0.103919 -0.11709 -0.188946 -0.221295 -0.204841 -0.14583 -0.011617 0.117168 0.129935 0.058712 -0.00250886 -0.0165731 -0.0154035 -0.0153044 -0.0226969;
0.321774 0.0208218 -0.0221251 -0.166766 -0.0774776 0.0100869 -0.0115717 -0.125006 -0.0971114 -0.0799153 -0.014113 -0.0223351 -0.0266408 -0.0333907 -0.00482609 0.0733816 0.00120793;
0.478164 0.107906 0.0762158 -0.04979 -0.143965 -0.0595755 -0.0506202 -0.113118 -0.0829039 -0.0765139 -0.0575325 -0.0314128 -0.0366349 -0.00557451 0.0470682 0.0297516 -0.0127473;
0.202153 -0.139736 -0.0775059 -0.021968 -0.132733 -0.0263829 -0.0133808 -0.0847805 -0.04186 -0.05529 0.0145164 0.026703 -0.0317208 -0.0445754 -0.0107102 -0.059428 -0.0868724;
0.300856 -0.0757154 0.0725944 -0.0377352 -0.214966 -0.108526 -0.00147409 -0.109487 -0.168696 -0.146146 -0.0950301 -0.0103624 0.0630488 0.0857669 0.0538365 0.0157194 -0.0609989;
0.346688 -0.132923 -0.139838 -0.220564 -0.266277 -0.114707 0.0688081 0.110743 0.0328094 -0.073699 -0.0426473 -0.0106106 0.010065 0.0520839 0.0446835 0.0139105 -0.0151659;
0.278217 -0.0850359 0.0204402 0.0281079 -0.083329 -0.12508 -0.0848175 -0.112806 -0.0972723 -0.0678999 -0.106565 -0.0713489 -0.0907552 -0.0475466 0.0178944 -0.0156154 -0.0664379;
0.475689 0.117294 -0.0649618 -0.21678 -0.266256 -0.288256 -0.194007 -0.0932009 0.0997957 0.195642 0.165238 0.108857 -0.0471467 -0.153819 -0.231469 -0.292394 -0.229992;
0.729921 0.497958 0.298536 0.16018 0.0430981 -0.0353525 -0.0870727 -0.135109 -0.140467 -0.0945579 -0.0375011 -0.00639961 -0.0013842 -0.00698142 -0.0150668 -0.0191825 -0.0130674;
0.623411 0.286695 -0.0150351 -0.191528 -0.268856 -0.273301 -0.202023 -0.0769214 0.0364297 0.082326 0.0603672 0.0332732 0.0364691 0.0590205 0.0666042 0.0531672 0.0261046;
0.650765 0.262586 -0.0360334 -0.218626 -0.261374 -0.234391 -0.178375 -0.115981 -0.0388198 0.0365029 0.0875989 0.095725 0.100566 0.0887695 0.061626 0.0390015 0.0183442;
0.575812 0.322268 0.151462 0.00335573 -0.0286739 -0.0613481 -0.0602841 -0.107046 -0.1296 -0.111003 -0.0662789 -0.0642511 -0.0424492 -0.0230208 0.0485952 0.0527736 0.0222624;
0.356565 0.227067 0.179154 0.0481111 0.099489 0.0689573 0.050462 -0.0343067 -0.0409085 -0.0764247 -0.0358519 -0.081122 -0.0716999 -0.0598653 -0.0371727 0.0141984 0.00390344;
0.743914 0.511118 0.310439 0.174292 0.112729 0.0919967 0.0771228 0.0465579 0.0395985 0.00752908 0.0145837 0.0129446 0.0244036 0.0517265 0.0736164 0.0649434 0.035621;
0.571854 0.420045 0.283224 0.0898344 -0.0760249 -0.0738095 -0.181934 -0.178572 -0.221108 -0.152786 -0.0999417 -0.0816102 -0.0496922 0.00768166 0.026356 0.0500046 0.0480926;
0.580698 0.186636 0.0394352 -0.181375 -0.335556 -0.310114 -0.252288 -0.238238 -0.184164 -0.0778401 0.030721 0.0922476 0.138015 0.138826 0.0840021 0.0425956 0.0129325;
-0.035442 -0.217012 0.0635446 -0.0083266 -0.210188 -0.0672465 0.0860912 0.0675341 -0.0352514 -0.0135528 0.0208115 -0.0266887 -0.0450622 0.0389034 0.0208913 0.0194187 -0.0123632;
0.491425 -0.0562941 -0.0916742 -0.0268979 -0.0371927 0.00150244 0.0536323 -0.0619326 -0.265797 -0.317512 -0.200731 -0.117391 -0.111029 -0.106598 -0.0990935 -0.107801 -0.0970155;
0.304466 -0.29314 -0.00760878 0.169351 -0.0374446 -0.159089 -0.0775429 -0.122378 -0.151266 0.0339757 0.023855 -0.126652 -0.0717588 0.0343402 -0.00971435 -0.0638174 -0.0086517;
0.194768 -0.479241 -0.207028 0.0695927 0.0940986 -0.00259979 -0.0376547 0.0264339 0.00326836 -0.10165 -0.106841 0.0846413 0.239904 0.0823886 -0.16005 -0.146593 -0.0309445;
0.477855 -0.059818 -0.0906278 -0.026233 0.008603 0.0283601 -0.024635 -0.126774 -0.215203 -0.24889 -0.229777 -0.165687 -0.0973779 -0.0687832 -0.0676131 -0.0385554 -0.00593078;
0.00697121 -0.528847 0.0388039 0.214485 -0.136673 -0.297681 0.0161801 0.293432 0.0927811 -0.109054 0.0507466 0.0769088 -0.12053 -0.1 0.0151922 0.0429299 0.0788664;
0.422215 -0.110346 0.0166743 0.0918217 -0.0519779 -0.0667656 -0.000476755 -0.0871633 -0.233503 -0.266519 -0.225428 -0.186687 -0.1618 -0.128381 -0.0588039 -0.0125123 -0.00349389;
0.269047 -0.312046 -0.227509 -0.153893 -0.150542 -0.124844 -0.0803201 0.00928548 0.150066 0.241663 0.186075 0.0425523 -0.0449936 -0.125563 -0.195577 -0.125006 -0.028611;
0.269295 -0.439021 -0.316059 -0.0428856 0.0925712 0.14118 0.0397802 -0.225609 -0.267654 0.0964398 0.314511 0.115646 -0.150779 -0.245466 -0.131868 0.13586 0.238888;
0.161313 -0.378032 -0.174231 -0.106687 -0.0683221 -0.103114 -0.0389043 0.199483 0.201191 0.0230447 0.000766303 -0.0473465 -0.12666 -0.123712 -0.0359142 0.118817 0.174842;
0.48783 -0.11696 -0.0594005 0.057335 -0.02249 -0.0831778 -0.0895033 -0.0584574 -0.0540611 -0.0763388 -0.0678121 -0.0351182 0.0142945 0.0352309 0.0289667 0.0521436 0.0571679;
0.3889 -0.233302 -0.145126 0.0842887 0.0717075 -0.106739 -0.168214 -0.0980134 -0.0309429 -0.0699203 -0.142094 -0.137642 -0.0723803 -0.041845 -0.0482046 -0.0431346 -0.026999;
0.32501 -0.395715 -0.224595 0.185523 0.194266 -0.0430518 -0.14856 -0.102687 -0.0454003 -0.0507745 -0.10851 -0.166099 -0.101396 -0.008627 -0.0195122 -0.0877641 -0.0747307;
0.346233 0.133252 -0.0214986 -0.0563136 0.0563948 0.121331 0.196248 0.206146 0.165038 0.0304023 -0.103485 -0.126704 -0.0243367 0.110842 0.13801 0.0450427 -0.0221227;
0.293832 -0.301935 -0.102018 0.0349728 -0.0515934 -0.0812202 -0.0597352 -0.108163 -0.0745064 0.0550494 0.0453639 -0.117362 -0.159915 -0.0637754 -0.0047389 0.0105843 0.00767359;
0.237313 -0.516697 -0.367181 0.12571 0.338223 0.139305 -0.21297 -0.326187 -0.048205 0.202826 0.09184 -0.149684 -0.114892 0.149169 0.188579 -0.0270284 -0.141122;
0.0905835 -0.290326 0.0491468 0.064605 -0.074717 -0.0666816 -0.0227286 -0.0475302 -0.0518803 0.0530305 0.0584133 -0.0557672 -0.0971668 0.0285707 0.0686595 0.0153666 0.0363216;
0.110348 -0.573793 -0.22758 0.0998426 0.15394 0.0516413 -0.137593 -0.0904518 0.168222 0.180204 -0.0150517 -0.177962 -0.164172 0.0461943 0.156473 0.0458483 -0.0278412;
0.136926 -0.443308 -0.0113949 0.255003 0.00327799 -0.249836 -0.0841295 0.0561368 -0.0806161 -0.0893757 0.0700659 0.0411485 -0.106999 -0.105886 -0.00215089 -0.0401435 -0.0948115 ;
0.271203 -0.461752 -0.32777 -0.023853 0.0276952 0.00622389 0.00382041 -0.0300678 0.00758795 0.0922382 0.0752625 -0.0406912 -0.0687842 -0.0240718 -0.0175225 -0.0525575 -0.0509339;
0.112567 -0.448461 -0.0630882 0.096739 -0.0670654 -0.0767337 0.0281698 -0.0154693 -0.0954612 -0.0114275 0.0916822 -0.0510286 -0.121968 0.020564 0.135083 0.0993851 0.00711502;
0.318024 -0.216533 -0.0323935 0.089494 -0.100982 -0.208349 -0.122298 -0.0896304 -0.116094 -0.0959624 -0.007776 0.0108731 -0.0422543 -0.0521653 -0.022628 -0.0416039 -0.0490912;
