0.000000;	
5.464877;	
9.406360;	
13.976545;	
19.465603;	
24.495225;	
28.013542;	
31.967115;	
35.932778;	
42.993593;	
48.458471;	
51.517351;	
55.434653;	
59.448678;	
63.994682;	
67.549270;	
71.031316;	
74.029744;	
77.596423;	
80.510218;	
83.968083;		
88.961434;	
92.491841;		
96.034339;		
100.507801;	
104.969172;		
109.478905;	
113.492930;	
117.978482;	
125.000283;	
130.007472;	
134.020366;	
137.021091;	
140.527951;	
146.014313;	
149.480816;	
154.017737;	
157.533525;	
161.510386;	
165.022654;	
168.564282;	
173.047532;	
177.399974;	
182.247315;	
186.769947;	
191.144275;	
195.236368;	
198.144117;	
201.529440;	
204.993364;	
