0 0.517787 0.195491 11.3478 0 1;
0.135643 0.444444 0.141915 18.2316 0 1;
0.0820903 0.52381 0.253097 9.97514 0 1;
0.172517 0.508333 0.208549 12.2753 0 1;
0.158593 0.550926 0.326682 5.69428 0 1;
0.168671 0.471154 0.19803 10.3789 0 1;
0.193141 0.665072 0.182025 11.0657 0 1;
0.147398 0.690059 0.0995672 18.4836 0 1;
0.087501 0.573529 0.316822 8.43797 0 1;
0.133052 0.570312 0.238848 10.4941 0 1;
0.20674 0.494444 0.19499 12.8058 0 1;
0.120382 0.571429 0.0940747 23.7196 0 1;
0.0972769 0.555556 0.312343 8.53427 0 1;
0.0930443 0.475 0.211854 7.15157 0 1;
0.162616 0.5 0.16258 13.2395 0 1;
0.171135 0.553922 0.348741 5.85513 0 1;
0.154942 0.425439 0.177716 9.62133 0 1;
0.192392 0.487528 0.184675 12.0879 0 1;
0.157487 0.533181 0.237288 8.16385 0 1;
0.139034 0.511111 0.182349 10.6138 0 1;
0.108675 0.5 0.134674 20.3974 0 1;
0.174789 0.458333 0.177694 14.4649 0 1;
0.136892 0.488889 0.119015 21.7786 0 1;
0.155979 0.528926 0.157212 11.5242 0 1;
0.152603 0.541667 0.307657 5.97939 0 1;
0.13213 0.542857 0.0973244 23.0484 0 1;
0.159358 0.523077 0.224317 7.9566 0 1;
0.144401 0.444444 0.109568 18.9774 0 1;
0.160729 0.509259 0.473177 4.44952 0 1;
0.102858 0.920455 0.0606124 20.5861 0 1;
0.165601 0.666667 0.0795628 15.4341 0 1;
0.131666 -1 0.100645 13.9303 0 1;
0.111171 -1 0.0805413 20.1795 0 1;
0.144032 0.887766 0.127981 9.91006 0 1;
0.121422 0.973064 0.0787485 17.9784 0 1;
0.144012 0.972973 0.116004 12.1264 0 1;
0.146918 0.827068 0.0910447 17.3129 0 1;
0.12185 0.625135 0.126525 9.23579 0 1;
0.161921 0.611429 0.000867445 5.2624 0 1;
0.177043 0.541667 0.0733138 16.9104 0 1;
0.19254 0.64785 0 17.8454 0 1;
0.162171 0.583333 0.248336 6.49484 0 1;
0.15999 -1 0 14.0323 0 1;
0.0894099 -1 0 17.9167 0 1;
0.365764 -1 0 7.67509 0 1;
0.0968986 0.98227 0.0566913 12.4011 0 1;
0.168651 -1 0 10.8644 0 1;
0.137066 0.583333 0.0730462 18.1941 0 1;
0.157216 -1 0.10372 9.95493 0 1;
0.10157 0.791667 0.0822924 13.0965 0 1;
